{
 "cells": [
  {
   "cell_type": "code",
   "execution_count": 10,
   "metadata": {},
   "outputs": [
    {
     "name": "stderr",
     "output_type": "stream",
     "text": [
      "Some weights of the model checkpoint at ./data/bert_model/distil were not used when initializing DistilBertModel: ['vocab_transform.bias', 'vocab_projector.bias', 'vocab_transform.weight', 'vocab_projector.weight', 'vocab_layer_norm.bias', 'vocab_layer_norm.weight']\n",
      "- This IS expected if you are initializing DistilBertModel from the checkpoint of a model trained on another task or with another architecture (e.g. initializing a BertForSequenceClassification model from a BertForPreTraining model).\n",
      "- This IS NOT expected if you are initializing DistilBertModel from the checkpoint of a model that you expect to be exactly identical (initializing a BertForSequenceClassification model from a BertForSequenceClassification model).\n"
     ]
    },
    {
     "data": {
      "application/vnd.jupyter.widget-view+json": {
       "model_id": "2f309bb696b24a9c9cabddd8e4517296",
       "version_major": 2,
       "version_minor": 0
      },
      "text/plain": [
       "Downloading:   0%|          | 0.00/466k [00:00<?, ?B/s]"
      ]
     },
     "metadata": {},
     "output_type": "display_data"
    },
    {
     "name": "stdout",
     "output_type": "stream",
     "text": [
      "BaseModelOutput(last_hidden_state=tensor([[[-0.3244, -0.2410, -0.2437,  ..., -0.1312, -0.1074,  0.3627],\n",
      "         [-0.5739,  0.1774, -0.5404,  ..., -0.3035,  0.3245, -0.0097],\n",
      "         [-0.6581,  0.2754, -0.1679,  ..., -0.4577, -0.1605, -0.1596],\n",
      "         [-0.2126, -0.1065, -0.3113,  ..., -0.2761, -0.4215, -0.1383],\n",
      "         [ 0.9948,  0.0241, -0.5312,  ...,  0.2042, -0.9275, -0.2026]]]), hidden_states=(tensor([[[ 0.3469, -0.1626, -0.2333,  ...,  0.1487,  0.0865,  0.1422],\n",
      "         [ 0.6430,  1.1669, -0.8224,  ...,  0.1466,  0.8754, -1.2619],\n",
      "         [-1.0479,  0.8952, -0.1975,  ...,  0.7037,  0.7478, -0.4152],\n",
      "         [ 0.6785,  0.2888,  0.0190,  ...,  0.5700, -1.5179, -1.3627],\n",
      "         [-0.3809, -0.2525, -0.1769,  ..., -0.1290,  0.1675, -0.1003]]]), tensor([[[ 0.1817, -0.0249,  0.1328,  ...,  0.1070, -0.1037,  0.0595],\n",
      "         [-0.2610,  1.6501, -0.4552,  ..., -0.0192,  0.8877, -0.9633],\n",
      "         [-0.5616,  1.2359,  0.2118,  ...,  0.5229,  0.9557, -0.5291],\n",
      "         [ 0.5027,  1.3048, -0.1868,  ...,  0.2370, -0.4330, -1.4112],\n",
      "         [-0.0631,  0.0470,  0.0097,  ..., -0.1128,  0.1757,  0.0083]]]), tensor([[[ 0.0889, -0.2045,  0.3321,  ..., -0.1381,  0.2260,  0.0476],\n",
      "         [-0.2013,  1.4639, -0.2095,  ..., -0.0801,  0.7563, -0.9116],\n",
      "         [-0.2894,  1.2258,  0.2651,  ...,  0.1461,  0.6369, -1.1053],\n",
      "         [ 0.3738,  0.9695, -0.5708,  ..., -0.2086, -0.3527, -1.7713],\n",
      "         [-0.0431, -0.0553,  0.0770,  ..., -0.0285,  0.0319, -0.0318]]]), tensor([[[-0.2471, -0.7097, -0.1948,  ..., -0.4716, -0.2545,  0.3525],\n",
      "         [-0.3517,  1.0410, -0.3584,  ..., -0.0848,  0.3691, -0.7921],\n",
      "         [-0.2910,  1.1803,  0.0706,  ..., -0.4993,  0.4401, -1.1807],\n",
      "         [ 0.8036,  0.8435, -0.4466,  ..., -0.3894, -0.4763, -1.4502],\n",
      "         [-0.0191, -0.0404,  0.0172,  ..., -0.0162, -0.0234, -0.0193]]]), tensor([[[-0.4281, -0.7528, -0.5243,  ..., -0.3476, -0.3672,  0.6789],\n",
      "         [-0.6491,  0.7190, -0.3927,  ..., -0.1302,  0.4631, -0.2899],\n",
      "         [-0.8005,  0.7768, -0.0523,  ..., -0.4347,  0.6276, -0.7954],\n",
      "         [ 0.3818,  0.3973, -0.6018,  ..., -0.1471, -0.4617, -0.8438],\n",
      "         [-0.0203, -0.0211,  0.0191,  ..., -0.0485, -0.0584, -0.0168]]]), tensor([[[-0.8956, -0.6705, -0.3643,  ..., -0.4547, -0.3692,  0.5546],\n",
      "         [-0.8157,  0.5595, -0.6331,  ..., -0.5650,  0.6010, -0.2139],\n",
      "         [-0.9170,  0.3644, -0.1001,  ..., -0.7076,  0.1638, -0.6645],\n",
      "         [-0.1061, -0.0414, -0.4415,  ..., -0.2388, -0.4622, -0.6897],\n",
      "         [ 0.0182,  0.0092, -0.0525,  ..., -0.0167, -0.0392,  0.0209]]]), tensor([[[-0.3244, -0.2410, -0.2437,  ..., -0.1312, -0.1074,  0.3627],\n",
      "         [-0.5739,  0.1774, -0.5404,  ..., -0.3035,  0.3245, -0.0097],\n",
      "         [-0.6581,  0.2754, -0.1679,  ..., -0.4577, -0.1605, -0.1596],\n",
      "         [-0.2126, -0.1065, -0.3113,  ..., -0.2761, -0.4215, -0.1383],\n",
      "         [ 0.9948,  0.0241, -0.5312,  ...,  0.2042, -0.9275, -0.2026]]])), attentions=(tensor([[[[1.0730e-01, 6.3070e-02, 1.3456e-01, 2.7411e-01, 4.2096e-01],\n",
      "          [2.3969e-01, 1.1507e-01, 1.6125e-01, 2.5340e-01, 2.3059e-01],\n",
      "          [8.0287e-02, 2.8982e-01, 1.3866e-01, 3.7305e-01, 1.1818e-01],\n",
      "          [2.5040e-01, 1.9248e-01, 2.6522e-01, 1.6649e-01, 1.2541e-01],\n",
      "          [2.9587e-01, 1.0415e-01, 6.1178e-02, 1.3010e-01, 4.0871e-01]],\n",
      "\n",
      "         [[9.8619e-01, 2.7524e-03, 3.4126e-03, 1.8174e-03, 5.8237e-03],\n",
      "          [3.1298e-02, 1.9946e-01, 3.1329e-01, 2.4271e-01, 2.1325e-01],\n",
      "          [1.8355e-02, 7.9003e-02, 3.5308e-01, 2.5064e-01, 2.9892e-01],\n",
      "          [5.7216e-03, 1.5655e-01, 3.8918e-01, 2.5222e-01, 1.9634e-01],\n",
      "          [4.1756e-02, 3.1841e-01, 1.6591e-01, 3.5785e-02, 4.3814e-01]],\n",
      "\n",
      "         [[8.9923e-01, 1.0699e-02, 8.1459e-03, 7.9192e-03, 7.4002e-02],\n",
      "          [9.0741e-01, 1.8000e-02, 5.5512e-04, 4.6304e-03, 6.9408e-02],\n",
      "          [7.4752e-01, 1.4351e-01, 2.0955e-03, 1.4337e-03, 1.0544e-01],\n",
      "          [8.3693e-01, 1.6363e-03, 1.1850e-01, 1.5565e-03, 4.1375e-02],\n",
      "          [4.4873e-01, 6.4281e-04, 4.1734e-03, 2.0411e-01, 3.4235e-01]],\n",
      "\n",
      "         [[7.3939e-01, 3.5913e-02, 3.6386e-02, 3.7005e-02, 1.5131e-01],\n",
      "          [4.8818e-01, 3.5902e-02, 2.0197e-02, 1.3728e-02, 4.4200e-01],\n",
      "          [2.3806e-01, 4.1069e-01, 3.0362e-02, 1.6147e-02, 3.0474e-01],\n",
      "          [6.0767e-02, 4.7253e-01, 3.4411e-01, 5.2259e-02, 7.0333e-02],\n",
      "          [4.0314e-02, 2.7660e-02, 1.4856e-02, 1.7715e-02, 8.9945e-01]],\n",
      "\n",
      "         [[7.3549e-01, 9.9074e-02, 5.9714e-02, 7.8691e-02, 2.7030e-02],\n",
      "          [6.3254e-01, 9.6109e-02, 1.0252e-01, 1.3838e-01, 3.0456e-02],\n",
      "          [5.6682e-01, 1.0521e-01, 7.6756e-03, 2.8236e-01, 3.7935e-02],\n",
      "          [6.7699e-01, 1.3427e-01, 1.3557e-01, 1.5708e-02, 3.7457e-02],\n",
      "          [3.6710e-03, 4.9202e-03, 2.7114e-03, 3.0479e-03, 9.8565e-01]],\n",
      "\n",
      "         [[6.7253e-01, 8.2617e-02, 9.7865e-02, 6.6098e-02, 8.0891e-02],\n",
      "          [1.1037e-01, 3.6450e-02, 9.5039e-02, 6.6263e-02, 6.9187e-01],\n",
      "          [2.6344e-01, 1.4357e-01, 3.4461e-02, 1.2068e-01, 4.3786e-01],\n",
      "          [1.4440e-01, 8.0623e-02, 1.0301e-01, 1.4011e-01, 5.3185e-01],\n",
      "          [4.0908e-01, 1.5336e-01, 9.5810e-02, 1.2140e-01, 2.2035e-01]],\n",
      "\n",
      "         [[9.7938e-01, 5.6554e-03, 3.0999e-03, 6.4629e-03, 5.3996e-03],\n",
      "          [1.2909e-01, 5.5096e-01, 1.9518e-01, 8.5570e-02, 3.9206e-02],\n",
      "          [3.9137e-01, 2.2442e-01, 1.9004e-01, 1.1415e-01, 8.0021e-02],\n",
      "          [2.1587e-01, 3.0270e-01, 1.7662e-01, 2.5622e-01, 4.8595e-02],\n",
      "          [8.6133e-01, 4.8557e-02, 2.5397e-02, 4.3487e-02, 2.1229e-02]],\n",
      "\n",
      "         [[4.3187e-01, 1.2241e-01, 1.1175e-01, 1.0045e-01, 2.3352e-01],\n",
      "          [3.4981e-01, 1.3924e-01, 2.6641e-01, 1.7499e-01, 6.9541e-02],\n",
      "          [2.6687e-01, 1.7757e-01, 1.6717e-01, 3.0060e-01, 8.7785e-02],\n",
      "          [1.7242e-01, 4.2497e-01, 1.9314e-01, 1.5020e-01, 5.9276e-02],\n",
      "          [5.2165e-01, 2.1102e-01, 1.5814e-01, 5.2461e-02, 5.6730e-02]],\n",
      "\n",
      "         [[7.1526e-01, 7.6430e-02, 9.8695e-02, 6.3220e-02, 4.6395e-02],\n",
      "          [1.0385e-01, 1.4315e-01, 1.2899e-01, 2.9793e-01, 3.2608e-01],\n",
      "          [2.2942e-01, 1.0573e-01, 8.9838e-02, 2.7809e-01, 2.9693e-01],\n",
      "          [3.4498e-01, 1.3123e-01, 1.0158e-01, 7.7072e-02, 3.4514e-01],\n",
      "          [3.2023e-01, 2.5226e-01, 1.5846e-01, 1.9481e-01, 7.4248e-02]],\n",
      "\n",
      "         [[6.6510e-01, 9.4781e-02, 1.7329e-02, 2.9690e-02, 1.9310e-01],\n",
      "          [6.9650e-01, 2.0579e-01, 1.2706e-02, 5.8991e-02, 2.6009e-02],\n",
      "          [6.0668e-01, 2.0256e-02, 2.9665e-01, 1.4123e-02, 6.2296e-02],\n",
      "          [4.4359e-01, 6.2712e-02, 2.1966e-02, 4.3443e-01, 3.7304e-02],\n",
      "          [8.7755e-01, 5.8472e-02, 9.7582e-03, 6.5486e-03, 4.7675e-02]],\n",
      "\n",
      "         [[8.3463e-01, 3.2314e-02, 3.1631e-02, 2.0838e-02, 8.0589e-02],\n",
      "          [6.3046e-01, 1.6875e-02, 2.6959e-01, 1.3172e-02, 6.9897e-02],\n",
      "          [5.4991e-01, 6.1588e-03, 4.4322e-02, 2.4913e-01, 1.5048e-01],\n",
      "          [7.2200e-02, 3.9742e-03, 1.0965e-03, 5.0069e-03, 9.1772e-01],\n",
      "          [7.1112e-01, 7.5580e-03, 2.4190e-02, 8.2023e-03, 2.4893e-01]],\n",
      "\n",
      "         [[7.9655e-01, 7.9286e-03, 1.3382e-02, 1.0446e-02, 1.7170e-01],\n",
      "          [5.6348e-01, 1.3569e-02, 1.3029e-01, 1.3517e-01, 1.5749e-01],\n",
      "          [5.9912e-01, 5.1530e-02, 2.8980e-02, 1.8358e-01, 1.3679e-01],\n",
      "          [3.8624e-01, 1.9301e-01, 8.9429e-02, 5.5659e-02, 2.7566e-01],\n",
      "          [3.9683e-01, 4.1877e-02, 9.9211e-02, 8.1739e-02, 3.8034e-01]]]]), tensor([[[[9.4467e-01, 2.1822e-02, 9.3857e-03, 8.0199e-03, 1.6098e-02],\n",
      "          [6.1964e-04, 4.3240e-04, 9.9432e-01, 3.8923e-03, 7.3100e-04],\n",
      "          [5.4588e-05, 4.3239e-07, 2.4766e-05, 9.9968e-01, 2.3704e-04],\n",
      "          [5.3004e-03, 1.6144e-05, 2.8481e-07, 7.9614e-03, 9.8672e-01],\n",
      "          [8.9018e-01, 1.7730e-02, 1.2632e-02, 1.6382e-02, 6.3071e-02]],\n",
      "\n",
      "         [[5.4711e-01, 4.8559e-02, 3.5757e-02, 2.9511e-02, 3.3906e-01],\n",
      "          [5.6559e-01, 3.0873e-03, 1.7465e-02, 2.1234e-02, 3.9262e-01],\n",
      "          [5.0375e-01, 5.4799e-02, 7.8921e-02, 3.2656e-02, 3.2987e-01],\n",
      "          [3.1226e-01, 1.7906e-01, 1.6022e-01, 8.6513e-02, 2.6195e-01],\n",
      "          [6.9394e-01, 3.3193e-02, 1.2417e-02, 1.0840e-02, 2.4961e-01]],\n",
      "\n",
      "         [[6.9630e-01, 5.7335e-03, 4.3473e-03, 3.3490e-03, 2.9027e-01],\n",
      "          [4.8549e-01, 2.0301e-02, 1.1604e-01, 6.2859e-02, 3.1531e-01],\n",
      "          [4.9380e-01, 5.3074e-02, 8.0394e-02, 9.3497e-02, 2.7924e-01],\n",
      "          [2.2384e-01, 5.8997e-02, 3.0887e-01, 1.9754e-01, 2.1076e-01],\n",
      "          [4.6105e-01, 3.3063e-02, 2.6372e-02, 2.1052e-02, 4.5846e-01]],\n",
      "\n",
      "         [[7.3620e-01, 2.8552e-02, 2.5704e-02, 2.0732e-02, 1.8881e-01],\n",
      "          [4.1192e-01, 8.2839e-03, 6.4691e-03, 6.3820e-03, 5.6695e-01],\n",
      "          [5.9927e-01, 6.8164e-03, 1.8838e-03, 1.1058e-02, 3.8097e-01],\n",
      "          [4.4859e-01, 5.8547e-03, 1.1736e-02, 2.9341e-03, 5.3088e-01],\n",
      "          [8.7321e-01, 1.7661e-02, 8.2163e-03, 5.3604e-03, 9.5549e-02]],\n",
      "\n",
      "         [[9.3822e-01, 1.9852e-02, 1.9578e-02, 1.6569e-02, 5.7821e-03],\n",
      "          [8.3784e-01, 9.0492e-02, 1.6564e-02, 2.7043e-02, 2.8061e-02],\n",
      "          [4.3063e-01, 2.1663e-01, 1.4019e-01, 2.0277e-01, 9.7756e-03],\n",
      "          [8.6696e-01, 6.5707e-02, 2.2477e-02, 3.4580e-02, 1.0280e-02],\n",
      "          [6.3517e-03, 1.2595e-04, 2.6991e-04, 2.5358e-04, 9.9300e-01]],\n",
      "\n",
      "         [[5.2794e-01, 9.6975e-02, 1.2264e-01, 1.2278e-01, 1.2966e-01],\n",
      "          [2.0076e-01, 2.0024e-01, 1.4083e-01, 1.8258e-01, 2.7558e-01],\n",
      "          [5.9351e-01, 4.7506e-02, 3.8331e-02, 9.4865e-02, 2.2579e-01],\n",
      "          [3.8745e-01, 6.5806e-02, 6.0559e-02, 1.3801e-01, 3.4817e-01],\n",
      "          [5.8414e-01, 1.2792e-02, 1.0471e-02, 1.2778e-02, 3.7982e-01]],\n",
      "\n",
      "         [[2.3245e-01, 4.2175e-02, 8.7445e-02, 6.6273e-02, 5.7166e-01],\n",
      "          [6.0452e-02, 8.3693e-01, 1.7166e-02, 1.4298e-02, 7.1158e-02],\n",
      "          [4.4115e-02, 8.7539e-03, 8.7940e-01, 1.3759e-02, 5.3970e-02],\n",
      "          [5.8289e-02, 2.3704e-02, 2.4786e-02, 8.1836e-01, 7.4857e-02],\n",
      "          [2.1038e-01, 1.1000e-01, 1.8178e-01, 1.0427e-01, 3.9357e-01]],\n",
      "\n",
      "         [[7.1605e-01, 6.4135e-02, 1.7742e-02, 2.8081e-02, 1.7399e-01],\n",
      "          [7.4609e-01, 5.9271e-03, 2.7929e-03, 2.3706e-03, 2.4282e-01],\n",
      "          [6.6852e-01, 2.4845e-02, 3.5118e-03, 1.7948e-02, 2.8518e-01],\n",
      "          [5.6827e-01, 6.5086e-02, 4.0080e-02, 1.8925e-02, 3.0764e-01],\n",
      "          [9.4289e-01, 7.1762e-03, 1.7551e-03, 4.1937e-03, 4.3988e-02]],\n",
      "\n",
      "         [[9.6722e-01, 1.2673e-02, 7.2000e-03, 8.0858e-03, 4.8198e-03],\n",
      "          [9.1041e-01, 5.1867e-02, 7.1959e-03, 1.4659e-02, 1.5865e-02],\n",
      "          [9.8587e-01, 4.7605e-03, 2.2337e-03, 3.6903e-03, 3.4469e-03],\n",
      "          [9.6632e-01, 8.7177e-03, 9.1020e-03, 7.0187e-03, 8.8442e-03],\n",
      "          [4.0657e-03, 5.7608e-04, 5.7050e-04, 9.6848e-05, 9.9469e-01]],\n",
      "\n",
      "         [[2.5151e-01, 3.6563e-02, 8.4559e-03, 7.8524e-03, 6.9562e-01],\n",
      "          [2.3121e-05, 9.7480e-05, 9.9909e-01, 1.3382e-04, 6.5178e-04],\n",
      "          [5.2878e-06, 9.2131e-08, 2.1741e-05, 9.9987e-01, 1.0118e-04],\n",
      "          [1.8166e-03, 2.3968e-05, 2.8926e-07, 2.7901e-03, 9.9537e-01],\n",
      "          [8.2730e-01, 8.1732e-02, 1.9282e-02, 1.9742e-02, 5.1943e-02]],\n",
      "\n",
      "         [[8.1507e-01, 2.1952e-02, 1.4481e-02, 8.5126e-03, 1.3999e-01],\n",
      "          [5.6971e-01, 9.9532e-02, 1.4852e-01, 1.2593e-01, 5.6312e-02],\n",
      "          [3.0116e-01, 2.5690e-01, 2.7156e-01, 1.4107e-01, 2.9294e-02],\n",
      "          [3.8883e-01, 1.0163e-01, 8.2268e-02, 3.3714e-01, 9.0121e-02],\n",
      "          [9.5535e-01, 2.3759e-03, 7.5303e-04, 4.3873e-04, 4.1087e-02]],\n",
      "\n",
      "         [[6.3455e-01, 2.1455e-02, 1.4084e-02, 1.7110e-02, 3.1280e-01],\n",
      "          [5.3066e-01, 6.0497e-02, 2.6978e-02, 4.2670e-02, 3.3919e-01],\n",
      "          [6.3280e-01, 2.9147e-02, 1.8358e-02, 4.4389e-02, 2.7531e-01],\n",
      "          [6.9510e-01, 2.2454e-02, 9.9464e-03, 1.3578e-02, 2.5892e-01],\n",
      "          [8.2669e-01, 1.2188e-02, 8.0317e-03, 1.1140e-02, 1.4195e-01]]]]), tensor([[[[3.6476e-02, 1.6092e-01, 1.3985e-01, 1.2191e-01, 5.4085e-01],\n",
      "          [1.9860e-02, 8.6937e-03, 4.9722e-03, 8.3155e-03, 9.5816e-01],\n",
      "          [2.0506e-02, 4.7147e-03, 4.9704e-02, 1.1081e-02, 9.1399e-01],\n",
      "          [1.9195e-02, 1.3424e-02, 1.5410e-02, 1.0855e-02, 9.4112e-01],\n",
      "          [2.8353e-03, 2.3703e-04, 1.2140e-05, 1.1179e-04, 9.9680e-01]],\n",
      "\n",
      "         [[4.4144e-02, 4.9674e-01, 1.8164e-01, 2.3830e-01, 3.9181e-02],\n",
      "          [2.1625e-01, 1.7769e-01, 1.8969e-01, 3.0107e-01, 1.1530e-01],\n",
      "          [1.4577e-01, 1.5497e-01, 9.1741e-02, 9.5809e-02, 5.1171e-01],\n",
      "          [1.4454e-01, 3.4056e-01, 1.1596e-01, 2.1587e-01, 1.8307e-01],\n",
      "          [2.0431e-02, 1.5951e-02, 6.0435e-03, 8.8962e-03, 9.4868e-01]],\n",
      "\n",
      "         [[5.6752e-01, 8.6488e-02, 1.2470e-02, 2.2271e-02, 3.1125e-01],\n",
      "          [1.8185e-01, 9.6347e-03, 7.2155e-03, 2.4066e-02, 7.7724e-01],\n",
      "          [8.4007e-02, 6.5177e-03, 4.4651e-03, 1.2372e-02, 8.9264e-01],\n",
      "          [8.5164e-02, 1.5044e-02, 1.3363e-02, 1.4319e-02, 8.7211e-01],\n",
      "          [4.6001e-03, 7.4394e-05, 1.3596e-05, 8.3908e-05, 9.9523e-01]],\n",
      "\n",
      "         [[6.9648e-03, 2.7280e-03, 3.9472e-03, 2.9035e-03, 9.8346e-01],\n",
      "          [4.7885e-02, 4.1199e-02, 6.4071e-03, 9.6511e-03, 8.9486e-01],\n",
      "          [3.3607e-02, 8.7489e-04, 2.2355e-01, 1.9316e-03, 7.4004e-01],\n",
      "          [1.9636e-02, 3.0974e-03, 3.4260e-03, 3.2444e-01, 6.4941e-01],\n",
      "          [2.4745e-04, 1.9508e-06, 1.8808e-07, 3.8738e-07, 9.9975e-01]],\n",
      "\n",
      "         [[7.1473e-02, 3.3665e-01, 1.6053e-01, 9.6614e-02, 3.3474e-01],\n",
      "          [1.4615e-01, 3.9507e-02, 4.0803e-02, 1.4902e-02, 7.5864e-01],\n",
      "          [6.1885e-02, 2.6961e-02, 2.6659e-02, 1.9323e-02, 8.6517e-01],\n",
      "          [4.3651e-02, 3.1241e-02, 7.1040e-02, 5.0219e-02, 8.0385e-01],\n",
      "          [8.9325e-03, 2.2297e-03, 1.7816e-03, 1.0700e-03, 9.8599e-01]],\n",
      "\n",
      "         [[2.3704e-03, 4.3492e-03, 4.8553e-03, 1.5684e-02, 9.7274e-01],\n",
      "          [3.2389e-01, 4.0156e-02, 5.8549e-02, 2.1195e-01, 3.6545e-01],\n",
      "          [3.2598e-01, 2.3854e-02, 1.9040e-02, 1.0725e-01, 5.2387e-01],\n",
      "          [5.3950e-01, 9.9472e-03, 1.1229e-02, 1.6145e-02, 4.2318e-01],\n",
      "          [4.9197e-04, 2.0583e-04, 2.3495e-04, 5.0513e-04, 9.9856e-01]],\n",
      "\n",
      "         [[1.0324e-02, 1.8183e-01, 1.7334e-02, 2.7483e-02, 7.6303e-01],\n",
      "          [1.6313e-02, 6.4575e-02, 8.8050e-03, 8.8642e-03, 9.0144e-01],\n",
      "          [8.6814e-02, 5.5849e-02, 2.1360e-02, 9.1196e-03, 8.2686e-01],\n",
      "          [6.7675e-02, 1.0874e-01, 9.0087e-02, 1.7637e-02, 7.1587e-01],\n",
      "          [2.3241e-03, 1.1192e-03, 1.5681e-04, 6.4956e-04, 9.9575e-01]],\n",
      "\n",
      "         [[2.5435e-02, 1.0117e-02, 7.8563e-03, 6.4885e-03, 9.5010e-01],\n",
      "          [4.2722e-02, 4.6809e-02, 3.7104e-03, 2.7714e-03, 9.0399e-01],\n",
      "          [4.5872e-02, 1.9520e-01, 8.4394e-02, 6.9232e-03, 6.6761e-01],\n",
      "          [1.1497e-01, 8.0234e-02, 2.6554e-01, 1.2461e-02, 5.2680e-01],\n",
      "          [2.5455e-03, 1.3535e-03, 7.9007e-04, 4.7554e-04, 9.9484e-01]],\n",
      "\n",
      "         [[4.6569e-02, 5.6010e-02, 1.5292e-02, 2.4916e-02, 8.5721e-01],\n",
      "          [7.6341e-02, 3.0522e-02, 2.3893e-02, 5.5100e-02, 8.1414e-01],\n",
      "          [3.3567e-02, 2.7894e-02, 1.4762e-02, 3.8395e-02, 8.8538e-01],\n",
      "          [2.0983e-02, 1.1730e-02, 7.8451e-03, 9.0885e-03, 9.5035e-01],\n",
      "          [9.3207e-03, 3.6998e-03, 4.8792e-03, 1.9140e-03, 9.8019e-01]],\n",
      "\n",
      "         [[3.9207e-02, 4.3933e-02, 8.5998e-02, 4.3249e-02, 7.8761e-01],\n",
      "          [9.8283e-02, 1.5053e-02, 1.9309e-02, 1.4194e-02, 8.5316e-01],\n",
      "          [1.7149e-01, 2.6387e-02, 1.5184e-03, 2.6215e-02, 7.7439e-01],\n",
      "          [7.7069e-02, 1.9328e-02, 1.7408e-02, 1.1765e-02, 8.7443e-01],\n",
      "          [1.9394e-02, 7.4308e-03, 6.2526e-03, 5.0560e-03, 9.6187e-01]],\n",
      "\n",
      "         [[5.2802e-02, 3.8351e-02, 1.6643e-02, 2.0585e-02, 8.7162e-01],\n",
      "          [1.6432e-01, 5.3715e-02, 7.9902e-03, 1.8339e-02, 7.5563e-01],\n",
      "          [1.5375e-01, 1.7731e-01, 2.4816e-02, 1.8252e-02, 6.2587e-01],\n",
      "          [1.7321e-01, 1.6390e-01, 1.5852e-01, 4.9332e-02, 4.5504e-01],\n",
      "          [1.1458e-02, 2.0081e-03, 1.4785e-03, 1.6287e-03, 9.8343e-01]],\n",
      "\n",
      "         [[5.2935e-02, 3.5361e-01, 3.3522e-02, 2.5073e-02, 5.3486e-01],\n",
      "          [1.1248e-01, 5.4690e-02, 3.7983e-01, 9.3443e-02, 3.5955e-01],\n",
      "          [6.1505e-02, 3.4449e-03, 1.1563e-01, 5.3020e-01, 2.8922e-01],\n",
      "          [3.4290e-02, 8.9333e-03, 6.4240e-03, 1.0601e-02, 9.3975e-01],\n",
      "          [8.9463e-03, 9.1397e-03, 2.8689e-03, 5.1480e-03, 9.7390e-01]]]]), tensor([[[[1.3386e-02, 1.0664e-01, 1.7746e-02, 3.9870e-02, 8.2236e-01],\n",
      "          [3.1832e-02, 6.2242e-02, 5.3631e-03, 1.2021e-02, 8.8854e-01],\n",
      "          [4.5084e-02, 2.5667e-01, 1.9422e-02, 1.9841e-02, 6.5898e-01],\n",
      "          [6.0808e-02, 2.9230e-01, 9.4371e-02, 4.2006e-02, 5.1051e-01],\n",
      "          [5.6333e-03, 6.8462e-03, 2.7914e-03, 8.1606e-03, 9.7657e-01]],\n",
      "\n",
      "         [[2.1886e-02, 1.5251e-01, 4.3013e-02, 7.5866e-02, 7.0672e-01],\n",
      "          [3.0512e-02, 2.2128e-02, 5.0496e-02, 7.7531e-02, 8.1933e-01],\n",
      "          [1.0558e-02, 4.7118e-03, 1.7964e-02, 4.4628e-02, 9.2214e-01],\n",
      "          [8.8741e-03, 1.4938e-02, 1.3680e-02, 2.9775e-02, 9.3273e-01],\n",
      "          [5.9343e-03, 2.0539e-03, 2.3955e-03, 6.2347e-03, 9.8338e-01]],\n",
      "\n",
      "         [[1.8644e-03, 5.0474e-02, 7.6607e-03, 1.3746e-02, 9.2626e-01],\n",
      "          [7.7518e-02, 3.8333e-02, 1.3459e-01, 1.5801e-01, 5.9156e-01],\n",
      "          [4.8205e-02, 3.6180e-03, 3.7435e-02, 5.0289e-01, 4.0786e-01],\n",
      "          [2.2658e-02, 9.1255e-03, 5.6595e-03, 3.2665e-02, 9.2989e-01],\n",
      "          [1.8756e-02, 2.6447e-03, 2.8150e-03, 7.5145e-03, 9.6827e-01]],\n",
      "\n",
      "         [[7.0552e-03, 7.0639e-02, 3.8040e-03, 1.8692e-02, 8.9981e-01],\n",
      "          [5.3746e-03, 1.1100e-02, 2.4387e-03, 3.6543e-03, 9.7743e-01],\n",
      "          [5.9861e-03, 2.8245e-02, 1.3758e-02, 9.1261e-03, 9.4289e-01],\n",
      "          [1.1073e-02, 4.2084e-02, 3.4254e-02, 5.8331e-03, 9.0676e-01],\n",
      "          [1.0113e-02, 2.2257e-03, 1.6107e-03, 4.3746e-03, 9.8168e-01]],\n",
      "\n",
      "         [[2.7016e-03, 3.0485e-03, 2.3772e-03, 3.6512e-03, 9.8822e-01],\n",
      "          [7.9023e-01, 2.3645e-02, 1.7183e-04, 2.8925e-03, 1.8306e-01],\n",
      "          [1.6307e-01, 7.6402e-01, 2.8991e-02, 1.4829e-02, 2.9082e-02],\n",
      "          [5.8800e-03, 4.8095e-02, 9.1349e-01, 1.8146e-02, 1.4392e-02],\n",
      "          [4.1404e-03, 1.5448e-03, 6.6464e-04, 8.3922e-04, 9.9281e-01]],\n",
      "\n",
      "         [[1.6003e-02, 9.4875e-02, 8.7593e-02, 1.5026e-01, 6.5126e-01],\n",
      "          [7.7748e-02, 1.1445e-01, 4.2500e-02, 1.1466e-01, 6.5064e-01],\n",
      "          [5.6682e-02, 8.4691e-02, 2.4648e-02, 1.2601e-01, 7.0797e-01],\n",
      "          [3.3894e-02, 1.0335e-01, 1.0590e-01, 7.4274e-02, 6.8258e-01],\n",
      "          [4.2213e-04, 7.3402e-04, 1.0016e-03, 1.5722e-03, 9.9627e-01]],\n",
      "\n",
      "         [[4.0704e-02, 1.1188e-02, 4.1990e-03, 1.0877e-02, 9.3303e-01],\n",
      "          [5.8316e-03, 5.9510e-03, 9.8339e-03, 8.7415e-03, 9.6964e-01],\n",
      "          [9.5276e-03, 1.7928e-03, 3.9749e-03, 8.4613e-02, 9.0009e-01],\n",
      "          [5.1103e-03, 1.2426e-03, 3.4154e-04, 6.5496e-03, 9.8676e-01],\n",
      "          [6.4651e-03, 2.8618e-03, 2.4031e-03, 3.1885e-03, 9.8508e-01]],\n",
      "\n",
      "         [[1.9535e-02, 1.2012e-02, 5.4376e-03, 2.0783e-02, 9.4223e-01],\n",
      "          [6.5010e-03, 6.5349e-03, 3.5342e-04, 1.7185e-04, 9.8644e-01],\n",
      "          [4.3552e-03, 5.8459e-02, 5.0311e-03, 4.9912e-04, 9.3166e-01],\n",
      "          [3.7929e-03, 1.6483e-02, 2.8666e-02, 1.4520e-03, 9.4961e-01],\n",
      "          [3.6135e-03, 3.1191e-03, 2.1192e-03, 8.1782e-03, 9.8297e-01]],\n",
      "\n",
      "         [[2.8592e-02, 1.3664e-01, 3.3326e-02, 9.6093e-02, 7.0535e-01],\n",
      "          [1.2058e-01, 9.8181e-02, 3.8695e-02, 9.5719e-02, 6.4682e-01],\n",
      "          [1.5141e-01, 4.9763e-02, 3.0580e-02, 8.4828e-02, 6.8342e-01],\n",
      "          [9.5697e-02, 6.3929e-02, 2.9763e-02, 4.8656e-02, 7.6195e-01],\n",
      "          [1.9891e-02, 1.2427e-02, 7.6047e-03, 1.7230e-02, 9.4285e-01]],\n",
      "\n",
      "         [[1.1913e-02, 2.4986e-02, 9.0092e-03, 2.1776e-02, 9.3232e-01],\n",
      "          [2.8133e-02, 2.2110e-02, 3.8574e-03, 5.3669e-03, 9.4053e-01],\n",
      "          [6.5518e-02, 1.6280e-01, 3.9056e-02, 1.6129e-02, 7.1649e-01],\n",
      "          [8.8886e-02, 2.4503e-01, 6.6211e-02, 2.6377e-02, 5.7349e-01],\n",
      "          [1.1183e-02, 1.0012e-02, 4.5719e-03, 1.0231e-02, 9.6400e-01]],\n",
      "\n",
      "         [[9.8559e-03, 4.6143e-02, 4.6782e-02, 8.7761e-02, 8.0946e-01],\n",
      "          [3.8077e-02, 5.5480e-02, 6.4672e-02, 1.1077e-01, 7.3100e-01],\n",
      "          [5.0106e-02, 2.6771e-02, 5.5716e-02, 1.6198e-01, 7.0542e-01],\n",
      "          [1.2384e-02, 2.7755e-02, 3.7102e-02, 5.7697e-02, 8.6506e-01],\n",
      "          [3.9761e-03, 3.8152e-03, 2.4269e-03, 5.9818e-03, 9.8380e-01]],\n",
      "\n",
      "         [[1.0023e-01, 2.2826e-02, 1.1008e-02, 4.4752e-02, 8.2118e-01],\n",
      "          [3.6478e-02, 2.8466e-02, 4.0514e-03, 3.7731e-03, 9.2723e-01],\n",
      "          [1.5469e-02, 1.2296e-01, 2.9614e-02, 8.1323e-03, 8.2383e-01],\n",
      "          [1.3736e-02, 9.2600e-02, 3.8379e-01, 1.9712e-02, 4.9016e-01],\n",
      "          [4.3968e-03, 1.6833e-03, 3.1472e-03, 5.7873e-03, 9.8499e-01]]]]), tensor([[[[1.2148e-02, 1.1231e-01, 7.8657e-02, 1.9862e-01, 5.9827e-01],\n",
      "          [2.5830e-02, 1.6301e-01, 4.3275e-02, 6.7471e-02, 7.0041e-01],\n",
      "          [2.2336e-02, 6.8282e-02, 1.4145e-01, 1.1818e-01, 6.4975e-01],\n",
      "          [2.1774e-02, 4.4008e-02, 6.4893e-02, 3.6516e-01, 5.0417e-01],\n",
      "          [5.3476e-04, 5.8800e-03, 9.9507e-03, 1.7887e-02, 9.6575e-01]],\n",
      "\n",
      "         [[5.7866e-03, 2.4290e-02, 4.9105e-02, 8.6631e-02, 8.3419e-01],\n",
      "          [3.0057e-02, 3.5101e-02, 2.9969e-02, 2.1438e-02, 8.8343e-01],\n",
      "          [4.1371e-02, 2.8318e-02, 2.8259e-02, 3.8164e-02, 8.6389e-01],\n",
      "          [4.3789e-02, 3.4884e-02, 3.6295e-02, 5.8377e-02, 8.2666e-01],\n",
      "          [7.3505e-03, 1.1680e-02, 1.8077e-02, 1.5489e-02, 9.4740e-01]],\n",
      "\n",
      "         [[2.3549e-03, 2.2070e-02, 1.0903e-02, 1.0686e-02, 9.5399e-01],\n",
      "          [1.5752e-02, 1.9151e-02, 1.1435e-02, 7.1321e-03, 9.4653e-01],\n",
      "          [3.6624e-02, 9.2184e-02, 2.8752e-02, 2.7926e-02, 8.1451e-01],\n",
      "          [3.8842e-02, 6.8264e-02, 3.2482e-02, 2.0392e-02, 8.4002e-01],\n",
      "          [9.7275e-03, 1.2814e-02, 7.0888e-03, 7.0549e-03, 9.6331e-01]],\n",
      "\n",
      "         [[7.0808e-03, 1.8170e-02, 3.0009e-02, 1.8349e-02, 9.2639e-01],\n",
      "          [3.2988e-02, 1.8520e-02, 8.3351e-03, 2.7468e-02, 9.1269e-01],\n",
      "          [4.9964e-02, 4.5467e-02, 3.3325e-02, 1.3239e-01, 7.3885e-01],\n",
      "          [6.8702e-02, 4.2200e-02, 4.2806e-02, 3.3555e-02, 8.1274e-01],\n",
      "          [1.2906e-01, 6.8363e-02, 5.3170e-02, 8.5462e-02, 6.6395e-01]],\n",
      "\n",
      "         [[4.1547e-03, 1.4949e-02, 1.2073e-02, 3.1324e-02, 9.3750e-01],\n",
      "          [1.6066e-02, 1.4041e-02, 2.0537e-02, 3.6885e-02, 9.1247e-01],\n",
      "          [1.5424e-02, 2.0188e-02, 3.6532e-02, 1.0483e-01, 8.2302e-01],\n",
      "          [1.9101e-02, 1.7595e-02, 5.4922e-02, 2.8809e-02, 8.7957e-01],\n",
      "          [2.5905e-02, 5.8603e-02, 2.3804e-02, 6.5590e-02, 8.2610e-01]],\n",
      "\n",
      "         [[5.2887e-03, 2.3935e-02, 3.9860e-02, 1.1449e-01, 8.1643e-01],\n",
      "          [8.7325e-03, 2.1672e-02, 2.5038e-02, 2.5187e-02, 9.1937e-01],\n",
      "          [1.5837e-02, 3.1542e-02, 4.4761e-02, 4.3929e-02, 8.6393e-01],\n",
      "          [1.4281e-02, 3.2535e-02, 4.3137e-02, 5.3937e-02, 8.5611e-01],\n",
      "          [4.7516e-02, 1.8829e-01, 7.4616e-02, 1.1317e-01, 5.7641e-01]],\n",
      "\n",
      "         [[1.4727e-02, 3.8651e-02, 7.8280e-03, 1.9709e-02, 9.1909e-01],\n",
      "          [7.8582e-02, 8.9222e-02, 2.5027e-02, 1.6889e-02, 7.9028e-01],\n",
      "          [6.9842e-02, 3.7961e-02, 6.4607e-02, 1.7710e-02, 8.0988e-01],\n",
      "          [4.5587e-02, 1.0617e-02, 6.6668e-03, 6.4109e-02, 8.7302e-01],\n",
      "          [2.1630e-02, 1.2049e-02, 8.7691e-03, 1.0243e-02, 9.4731e-01]],\n",
      "\n",
      "         [[1.2425e-02, 5.0958e-02, 5.7757e-02, 3.2747e-01, 5.5139e-01],\n",
      "          [5.8980e-03, 5.9759e-02, 5.0976e-02, 1.1622e-01, 7.6714e-01],\n",
      "          [6.0418e-03, 4.2511e-02, 1.1700e-01, 2.6624e-01, 5.6821e-01],\n",
      "          [4.3053e-03, 3.2152e-02, 9.4051e-02, 1.8025e-01, 6.8924e-01],\n",
      "          [9.5911e-04, 7.5142e-03, 1.7143e-02, 3.6454e-02, 9.3793e-01]],\n",
      "\n",
      "         [[4.0127e-02, 1.2710e-01, 7.9238e-02, 7.4168e-02, 6.7937e-01],\n",
      "          [6.0340e-02, 1.2320e-01, 2.6075e-02, 3.3746e-02, 7.5664e-01],\n",
      "          [7.2861e-02, 3.3390e-02, 1.2439e-01, 8.8789e-02, 6.8057e-01],\n",
      "          [3.7929e-02, 6.7634e-02, 6.2026e-02, 1.3071e-01, 7.0170e-01],\n",
      "          [2.7539e-01, 1.5433e-01, 5.9973e-02, 9.7178e-02, 4.1312e-01]],\n",
      "\n",
      "         [[2.4903e-02, 3.7116e-02, 2.8868e-02, 2.4498e-02, 8.8461e-01],\n",
      "          [1.8815e-02, 1.2727e-02, 3.2713e-03, 1.3241e-02, 9.5195e-01],\n",
      "          [4.7609e-02, 6.6703e-02, 2.9556e-02, 4.2227e-02, 8.1390e-01],\n",
      "          [1.4130e-02, 6.6437e-02, 3.0786e-01, 5.5053e-02, 5.5652e-01],\n",
      "          [9.9410e-03, 1.0175e-02, 9.1567e-03, 1.4963e-02, 9.5576e-01]],\n",
      "\n",
      "         [[1.8440e-02, 9.0305e-02, 5.7807e-02, 4.5794e-02, 7.8766e-01],\n",
      "          [4.1426e-02, 7.4399e-02, 9.0314e-02, 1.2479e-01, 6.6907e-01],\n",
      "          [3.0585e-02, 1.6792e-02, 2.1663e-02, 7.0356e-02, 8.6060e-01],\n",
      "          [3.1338e-02, 1.2296e-02, 1.2812e-02, 1.6483e-02, 9.2707e-01],\n",
      "          [3.2415e-02, 8.3770e-02, 6.1459e-02, 5.0806e-02, 7.7155e-01]],\n",
      "\n",
      "         [[6.1244e-02, 1.2279e-01, 6.5373e-02, 1.5411e-01, 5.9648e-01],\n",
      "          [1.9411e-02, 2.5492e-02, 4.7898e-02, 3.2603e-02, 8.7460e-01],\n",
      "          [2.6214e-02, 2.5323e-02, 1.2419e-02, 4.0315e-02, 8.9573e-01],\n",
      "          [3.1252e-02, 2.7778e-02, 4.8119e-02, 2.3166e-02, 8.6968e-01],\n",
      "          [2.0003e-01, 1.5144e-01, 7.6965e-02, 1.8695e-01, 3.8461e-01]]]]), tensor([[[[8.3653e-02, 1.6653e-01, 1.1902e-01, 2.9374e-01, 3.3707e-01],\n",
      "          [2.6862e-02, 2.6894e-02, 2.5223e-02, 7.1223e-02, 8.4980e-01],\n",
      "          [2.9871e-02, 1.4856e-02, 2.8491e-02, 1.1287e-01, 8.1391e-01],\n",
      "          [3.8766e-02, 2.4590e-02, 3.1581e-02, 7.8225e-02, 8.2684e-01],\n",
      "          [7.1281e-03, 4.9302e-03, 3.4079e-03, 8.2267e-03, 9.7631e-01]],\n",
      "\n",
      "         [[7.9020e-02, 2.6519e-01, 5.2292e-02, 1.0573e-01, 4.9776e-01],\n",
      "          [1.9951e-02, 5.8519e-02, 8.7629e-03, 1.8288e-02, 8.9448e-01],\n",
      "          [8.6836e-02, 1.9543e-01, 5.2988e-02, 9.1239e-02, 5.7351e-01],\n",
      "          [1.2223e-01, 3.1700e-01, 1.6590e-01, 1.2200e-01, 2.7286e-01],\n",
      "          [3.3972e-03, 1.7514e-02, 1.1040e-02, 7.9811e-03, 9.6007e-01]],\n",
      "\n",
      "         [[1.1922e-01, 2.7714e-01, 7.2026e-02, 2.7818e-01, 2.5343e-01],\n",
      "          [1.0504e-01, 1.4275e-01, 6.2042e-02, 1.0598e-01, 5.8418e-01],\n",
      "          [2.1706e-01, 8.0044e-02, 6.9056e-02, 1.3938e-01, 4.9446e-01],\n",
      "          [7.4112e-02, 4.9089e-02, 4.4858e-02, 9.7831e-02, 7.3411e-01],\n",
      "          [3.6759e-02, 3.3077e-02, 2.3397e-02, 3.6850e-02, 8.6992e-01]],\n",
      "\n",
      "         [[3.4872e-02, 6.7851e-01, 5.5804e-02, 7.2034e-02, 1.5879e-01],\n",
      "          [6.4052e-02, 7.6833e-02, 1.7193e-02, 2.3600e-02, 8.1832e-01],\n",
      "          [5.5030e-02, 6.7681e-02, 3.9883e-02, 4.0030e-02, 7.9738e-01],\n",
      "          [2.8246e-02, 3.8193e-02, 2.9936e-02, 3.3503e-02, 8.7012e-01],\n",
      "          [5.3191e-02, 4.8530e-02, 3.9457e-02, 3.6294e-02, 8.2253e-01]],\n",
      "\n",
      "         [[2.8432e-04, 4.1569e-01, 1.0569e-01, 2.1617e-01, 2.6216e-01],\n",
      "          [2.2165e-04, 1.1731e-01, 1.9224e-02, 4.7259e-02, 8.1599e-01],\n",
      "          [5.8590e-04, 1.6436e-01, 1.0139e-01, 1.5883e-01, 5.7483e-01],\n",
      "          [1.7324e-04, 1.7431e-01, 1.0482e-01, 1.6439e-01, 5.5631e-01],\n",
      "          [1.4749e-01, 1.3556e-02, 4.4522e-03, 4.2294e-03, 8.3027e-01]],\n",
      "\n",
      "         [[8.8348e-02, 1.8554e-01, 8.6564e-02, 2.0363e-01, 4.3591e-01],\n",
      "          [3.4830e-02, 1.9297e-01, 6.6133e-02, 3.9399e-02, 6.6667e-01],\n",
      "          [5.5533e-02, 8.4787e-02, 1.4503e-01, 7.4930e-02, 6.3972e-01],\n",
      "          [7.4428e-02, 4.7464e-02, 1.4046e-01, 1.9509e-01, 5.4256e-01],\n",
      "          [4.4238e-02, 2.4206e-02, 3.5396e-02, 2.4194e-02, 8.7197e-01]],\n",
      "\n",
      "         [[3.5773e-01, 1.7516e-01, 8.5216e-02, 5.3940e-02, 3.2796e-01],\n",
      "          [2.1869e-02, 1.9211e-02, 1.8556e-02, 2.0232e-02, 9.2013e-01],\n",
      "          [3.2285e-02, 3.8278e-02, 3.3930e-02, 4.3582e-02, 8.5192e-01],\n",
      "          [5.1777e-02, 5.9693e-02, 5.6047e-02, 7.3721e-02, 7.5876e-01],\n",
      "          [1.1870e-02, 2.1737e-02, 1.6733e-02, 2.3820e-02, 9.2584e-01]],\n",
      "\n",
      "         [[2.6651e-02, 1.1300e-01, 3.5538e-02, 1.2853e-01, 6.9628e-01],\n",
      "          [1.5213e-02, 2.9574e-02, 2.4628e-02, 2.4568e-02, 9.0602e-01],\n",
      "          [4.1891e-02, 3.7675e-02, 5.3996e-02, 7.6659e-02, 7.8978e-01],\n",
      "          [4.6177e-02, 4.4433e-02, 6.1164e-02, 1.1384e-01, 7.3439e-01],\n",
      "          [8.0883e-03, 2.3540e-03, 2.9201e-03, 7.8796e-03, 9.7876e-01]],\n",
      "\n",
      "         [[5.5857e-02, 2.7997e-01, 1.1133e-01, 1.0951e-01, 4.4333e-01],\n",
      "          [3.4496e-02, 4.5635e-01, 4.6410e-02, 3.3234e-02, 4.2951e-01],\n",
      "          [1.4182e-01, 1.3838e-01, 2.1214e-01, 5.5084e-02, 4.5258e-01],\n",
      "          [1.2593e-01, 6.8411e-02, 6.9101e-02, 2.8625e-01, 4.5031e-01],\n",
      "          [9.4127e-03, 2.1138e-02, 2.9393e-02, 3.0743e-02, 9.0931e-01]],\n",
      "\n",
      "         [[4.2395e-02, 1.5604e-01, 9.4520e-02, 2.8408e-01, 4.2297e-01],\n",
      "          [8.0162e-02, 1.1057e-01, 4.5868e-02, 6.1102e-02, 7.0229e-01],\n",
      "          [8.2630e-02, 6.2548e-02, 6.8731e-02, 4.5432e-02, 7.4066e-01],\n",
      "          [1.2267e-01, 5.1051e-02, 3.3289e-02, 5.7221e-02, 7.3577e-01],\n",
      "          [5.1510e-02, 3.9374e-02, 3.0431e-02, 2.8756e-02, 8.4993e-01]],\n",
      "\n",
      "         [[4.0811e-02, 2.6884e-01, 4.2208e-02, 1.3102e-01, 5.1713e-01],\n",
      "          [8.6792e-02, 1.0016e-01, 1.9695e-02, 2.9913e-02, 7.6344e-01],\n",
      "          [6.4267e-02, 7.3080e-02, 5.2526e-02, 5.3509e-02, 7.5662e-01],\n",
      "          [4.8279e-02, 7.0171e-02, 3.0605e-02, 2.8876e-02, 8.2207e-01],\n",
      "          [1.2290e-02, 1.0234e-02, 5.0851e-03, 5.8177e-03, 9.6657e-01]],\n",
      "\n",
      "         [[3.7473e-02, 3.7116e-02, 4.1246e-02, 8.0367e-02, 8.0380e-01],\n",
      "          [1.2515e-02, 1.3353e-02, 2.3566e-02, 3.0439e-02, 9.2013e-01],\n",
      "          [4.1021e-02, 2.4852e-02, 8.2423e-02, 9.2418e-02, 7.5929e-01],\n",
      "          [4.9923e-02, 1.4995e-02, 5.8567e-02, 1.1816e-01, 7.5835e-01],\n",
      "          [7.5117e-03, 3.0352e-03, 1.0539e-02, 1.2522e-02, 9.6639e-01]]]])))\n",
      "(tensor([[[ 0.3469, -0.1626, -0.2333,  ...,  0.1487,  0.0865,  0.1422],\n",
      "         [ 0.6430,  1.1669, -0.8224,  ...,  0.1466,  0.8754, -1.2619],\n",
      "         [-1.0479,  0.8952, -0.1975,  ...,  0.7037,  0.7478, -0.4152],\n",
      "         [ 0.6785,  0.2888,  0.0190,  ...,  0.5700, -1.5179, -1.3627],\n",
      "         [-0.3809, -0.2525, -0.1769,  ..., -0.1290,  0.1675, -0.1003]]]), tensor([[[ 0.1817, -0.0249,  0.1328,  ...,  0.1070, -0.1037,  0.0595],\n",
      "         [-0.2610,  1.6501, -0.4552,  ..., -0.0192,  0.8877, -0.9633],\n",
      "         [-0.5616,  1.2359,  0.2118,  ...,  0.5229,  0.9557, -0.5291],\n",
      "         [ 0.5027,  1.3048, -0.1868,  ...,  0.2370, -0.4330, -1.4112],\n",
      "         [-0.0631,  0.0470,  0.0097,  ..., -0.1128,  0.1757,  0.0083]]]), tensor([[[ 0.0889, -0.2045,  0.3321,  ..., -0.1381,  0.2260,  0.0476],\n",
      "         [-0.2013,  1.4639, -0.2095,  ..., -0.0801,  0.7563, -0.9116],\n",
      "         [-0.2894,  1.2258,  0.2651,  ...,  0.1461,  0.6369, -1.1053],\n",
      "         [ 0.3738,  0.9695, -0.5708,  ..., -0.2086, -0.3527, -1.7713],\n",
      "         [-0.0431, -0.0553,  0.0770,  ..., -0.0285,  0.0319, -0.0318]]]), tensor([[[-0.2471, -0.7097, -0.1948,  ..., -0.4716, -0.2545,  0.3525],\n",
      "         [-0.3517,  1.0410, -0.3584,  ..., -0.0848,  0.3691, -0.7921],\n",
      "         [-0.2910,  1.1803,  0.0706,  ..., -0.4993,  0.4401, -1.1807],\n",
      "         [ 0.8036,  0.8435, -0.4466,  ..., -0.3894, -0.4763, -1.4502],\n",
      "         [-0.0191, -0.0404,  0.0172,  ..., -0.0162, -0.0234, -0.0193]]]), tensor([[[-0.4281, -0.7528, -0.5243,  ..., -0.3476, -0.3672,  0.6789],\n",
      "         [-0.6491,  0.7190, -0.3927,  ..., -0.1302,  0.4631, -0.2899],\n",
      "         [-0.8005,  0.7768, -0.0523,  ..., -0.4347,  0.6276, -0.7954],\n",
      "         [ 0.3818,  0.3973, -0.6018,  ..., -0.1471, -0.4617, -0.8438],\n",
      "         [-0.0203, -0.0211,  0.0191,  ..., -0.0485, -0.0584, -0.0168]]]), tensor([[[-0.8956, -0.6705, -0.3643,  ..., -0.4547, -0.3692,  0.5546],\n",
      "         [-0.8157,  0.5595, -0.6331,  ..., -0.5650,  0.6010, -0.2139],\n",
      "         [-0.9170,  0.3644, -0.1001,  ..., -0.7076,  0.1638, -0.6645],\n",
      "         [-0.1061, -0.0414, -0.4415,  ..., -0.2388, -0.4622, -0.6897],\n",
      "         [ 0.0182,  0.0092, -0.0525,  ..., -0.0167, -0.0392,  0.0209]]]), tensor([[[-0.3244, -0.2410, -0.2437,  ..., -0.1312, -0.1074,  0.3627],\n",
      "         [-0.5739,  0.1774, -0.5404,  ..., -0.3035,  0.3245, -0.0097],\n",
      "         [-0.6581,  0.2754, -0.1679,  ..., -0.4577, -0.1605, -0.1596],\n",
      "         [-0.2126, -0.1065, -0.3113,  ..., -0.2761, -0.4215, -0.1383],\n",
      "         [ 0.9948,  0.0241, -0.5312,  ...,  0.2042, -0.9275, -0.2026]]]))\n",
      "Shape of the middle hidden state: torch.Size([1, 5, 768])\n"
     ]
    }
   ],
   "source": [
    "import torch\n",
    "from transformers import DistilBertModel, DistilBertTokenizerFast\n",
    "\n",
    "# Load the pre-trained BERT model and tokenizer\n",
    "model = DistilBertModel.from_pretrained('./data/bert_model/distil', output_attentions=True, output_hidden_states=True)\n",
    "tokenizer = DistilBertTokenizerFast.from_pretrained('distilbert-base-uncased')\n",
    "\n",
    "# Input text\n",
    "text = \"Example input sentence\"\n",
    "\n",
    "# Tokenize the text\n",
    "tokens = tokenizer.encode_plus(text, add_special_tokens=True, return_tensors='pt')\n",
    "\n",
    "# Forward pass through the model\n",
    "with torch.no_grad():\n",
    "    outputs = model(**tokens)\n",
    "\n",
    "print(outputs)\n",
    "# Get the hidden states\n",
    "hidden_states = outputs.hidden_states\n",
    "print(hidden_states)mz\n",
    "\n",
    "# Get the middle hidden state\n",
    "middle_state = hidden_states[len(hidden_states) // 2]\n",
    "\n",
    "print(\"Shape of the middle hidden state:\", middle_state.shape)\n"
   ]
  }
 ],
 "metadata": {
  "kernelspec": {
   "display_name": "torch",
   "language": "python",
   "name": "python3"
  },
  "language_info": {
   "codemirror_mode": {
    "name": "ipython",
    "version": 3
   },
   "file_extension": ".py",
   "mimetype": "text/x-python",
   "name": "python",
   "nbconvert_exporter": "python",
   "pygments_lexer": "ipython3",
   "version": "3.8.16"
  },
  "orig_nbformat": 4
 },
 "nbformat": 4,
 "nbformat_minor": 2
}
