{
 "cells": [
  {
   "cell_type": "code",
   "execution_count": 1,
   "metadata": {},
   "outputs": [],
   "source": [
    "import argparse\n",
    "import os\n",
    "import random\n",
    "import shutil\n",
    "import time\n",
    "import warnings\n",
    "import json\n",
    "import re\n",
    "\n",
    "import torch\n",
    "import torch.nn as nn\n",
    "import torch.nn.parallel\n",
    "import torch.backends.cudnn as cudnn\n",
    "import torch.distributed as dist\n",
    "import torch.optim\n",
    "import torch.utils.data\n",
    "import torch.utils.data.distributed\n",
    "from torch.utils.data.sampler import SubsetRandomSampler\n",
    "from torchvision import datasets, transforms\n",
    "\n",
    "from model_analysis_nets import *\n",
    "from CKA import linear_CKA, kernel_CKA\n",
    "\n",
    "import numpy as np\n",
    "import sympy\n",
    "import pandas\n",
    "import seaborn\n",
    "\n",
    "import matplotlib.pyplot as plt\n",
    "from scipy.cluster.hierarchy import dendrogram, linkage, fcluster, fclusterdata\n",
    "import scipy\n",
    "import networkx as nx\n",
    "import gif\n",
    "\n",
    "import gudhi as gd\n",
    "from ripser import Rips"
   ]
  },
  {
   "cell_type": "code",
   "execution_count": 2,
   "metadata": {},
   "outputs": [],
   "source": [
    "def getGradients(modelpth : str = \"\"):\n",
    "    if not modelpth:\n",
    "        return {}\n",
    "    model1 = LeNet().to(device)\n",
    "    model1.load_state_dict(torch.load(modelpth))\n",
    "    \n",
    "    criterion = nn.CrossEntropyLoss()\n",
    "    optimizer = torch.optim.SGD(model1.parameters(), lr=0.01, momentum=0.5)\n",
    "\n",
    "    for X, Y in test_loader:\n",
    "        X_test = X.to(device)\n",
    "        Y_test = Y.to(device)\n",
    "        # print(Y)\n",
    "        break\n",
    "\n",
    "    # Forward pass\n",
    "    outputs = model1(X_test)\n",
    "\n",
    "    # Compute the loss\n",
    "    loss = criterion(outputs, Y_test)\n",
    "\n",
    "    # Zero the gradients\n",
    "    optimizer.zero_grad()\n",
    "\n",
    "    # Backward pass\n",
    "    loss.backward()\n",
    "\n",
    "    # Access the gradients\n",
    "    gradients1 = {}\n",
    "    for name, param in model1.named_parameters():\n",
    "        gradients1[name] = param.grad\n",
    "    return gradients1"
   ]
  },
  {
   "cell_type": "code",
   "execution_count": 3,
   "metadata": {},
   "outputs": [],
   "source": [
    "trans_mnist = transforms.Compose([transforms.ToTensor(),\n",
    "                                  transforms.Normalize((0.1307,), (0.3081,))])\n",
    "dataset_test = datasets.MNIST('data/mnist/', train=False, download=True, transform=trans_mnist)\n",
    "test_loader = torch.utils.data.DataLoader(\n",
    "                dataset_test, batch_size=32,\n",
    "                num_workers=2, pin_memory=True, shuffle=False)\n",
    "\n",
    "device = 'cuda' if torch.cuda.is_available() else 'cpu'"
   ]
  },
  {
   "cell_type": "code",
   "execution_count": 4,
   "metadata": {},
   "outputs": [],
   "source": [
    "attack_pth = \"../TDA-NN/3090/LG-FedAvg/save_attack_ub/mnist/lenet_iidTrue_num100_C0.8_le2/shard2/pattern11-30--17-49-20/local_attack_save/\"\n",
    "normal_pth = \"../TDA-NN/3090/LG-FedAvg/save_attack_ub/mnist/lenet_iidTrue_num100_C0.8_le2/shard2/pattern11-30--17-49-20/local_normal_save/\""
   ]
  },
  {
   "cell_type": "code",
   "execution_count": 5,
   "metadata": {},
   "outputs": [
    {
     "name": "stdout",
     "output_type": "stream",
     "text": [
      "[8, 10, 12, 14, 16, 18, 20, 22, 24, 26, 28, 30, 32, 34, 36, 38, 40, 42, 44, 46, 48, 50] 22\n",
      "[0, 1, 2, 3, 4, 5, 6, 7, 8, 9, 10, 11, 12, 13, 14, 15, 16, 17, 18, 19] 20\n",
      "[21, 24, 27, 30, 33, 36, 39, 42, 45, 48, 51, 54, 57, 60, 63, 66, 69, 72, 75, 78, 81, 84, 87, 90, 93, 96, 99] 27\n",
      "833\n"
     ]
    }
   ],
   "source": [
    "round_set = []\n",
    "client_set_attack = []\n",
    "client_set_normal = []\n",
    "modelpth_set = []\n",
    "for dirpath, dirnames, filenames in os.walk(attack_pth):\n",
    "    for filename in filenames:\n",
    "        # if int(re.findall(r'-?\\d+', filename)[0]) < round_max and int(re.findall(r'-?\\d+', filename)[1]) < client_max:\n",
    "        modelpth_set.append(os.path.join(dirpath, filename).replace(\"\\\\\",\"/\"))\n",
    "        round_set.append(int(re.findall(r'-?\\d+', filename)[0]))\n",
    "        client_set_attack.append(int(re.findall(r'-?\\d+', filename)[1]))\n",
    "\n",
    "round_set = list(set(round_set))\n",
    "client_set_attack = list(set(client_set_attack))\n",
    "\n",
    "for dirpath, dirnames, filenames in os.walk(normal_pth):\n",
    "    for filename in filenames:\n",
    "        # if int(re.findall(r'-?\\d+', filename)[0]) < round_max and int(re.findall(r'-?\\d+', filename)[1]) < client_max:\n",
    "        modelpth_set.append(os.path.join(dirpath, filename).replace(\"\\\\\",\"/\"))\n",
    "        client_set_normal.append(int(re.findall(r'-?\\d+', filename)[1]))\n",
    "\n",
    "client_set_normal = list(set(client_set_normal))\n",
    "\n",
    "print(round_set, len(round_set))\n",
    "print(client_set_attack, len(client_set_attack))\n",
    "print(client_set_normal, len(client_set_normal))\n",
    "print(len(modelpth_set))\n"
   ]
  },
  {
   "cell_type": "code",
   "execution_count": 6,
   "metadata": {},
   "outputs": [],
   "source": [
    "modelpth_dict = {}\n",
    "for idx, r in enumerate(round_set):\n",
    "    current_set_normal = []\n",
    "    current_set_attack = []\n",
    "    for mt in modelpth_set:\n",
    "        # print(mt)\n",
    "        if int(re.findall(r'-?\\d+', mt)[-2]) == r and int(re.findall(r'-?\\d+', mt)[-1]) in client_set_normal:\n",
    "            # print(int(re.findall(r'-?\\d+', mt)[-1]))\n",
    "            current_set_normal.append(mt)\n",
    "        if int(re.findall(r'-?\\d+', mt)[-2]) == r and int(re.findall(r'-?\\d+', mt)[-1]) in client_set_attack:\n",
    "            # print(int(re.findall(r'-?\\d+', mt)[-1]))\n",
    "            current_set_attack.append(mt)\n",
    "        \n",
    "    modelpth_dict[f'{r}_normal'] = current_set_normal\n",
    "    modelpth_dict[f'{r}_attack'] = current_set_attack\n",
    "# print(modelpth_dict)"
   ]
  },
  {
   "cell_type": "code",
   "execution_count": 7,
   "metadata": {},
   "outputs": [
    {
     "name": "stdout",
     "output_type": "stream",
     "text": [
      "16\n"
     ]
    }
   ],
   "source": [
    "client_max = 14\n",
    "corr_set = []\n",
    "for idx, r in enumerate(round_set):\n",
    "    if idx > 15:\n",
    "        break\n",
    "    r_modelpth_set = modelpth_dict[f'{r}_normal'][0:15] + modelpth_dict[f'{r}_attack'][0:15]\n",
    "    # print(len(r_modelpth_set))\n",
    "    r_corr = np.zeros((client_max * 2, client_max * 2, 1))\n",
    "\n",
    "    gradientlist = []\n",
    "    for idx, modelp1 in enumerate(r_modelpth_set):\n",
    "        gradientlist.append(getGradients(modelp1))\n",
    "    \n",
    "    for id1, modelp1 in enumerate(gradientlist):\n",
    "        if id1 >= client_max * 2:\n",
    "            break\n",
    "        for id2, modelp2 in enumerate(gradientlist):\n",
    "            if id2 >= client_max * 2:\n",
    "                break\n",
    "            if id2 <= id1:\n",
    "                continue\n",
    "            gradients1 = gradientlist[id1]\n",
    "            gradients2 = gradientlist[id2]\n",
    "            \n",
    "            corrlist = []\n",
    "\n",
    "            acts1 = gradients1[\"layer3.0.weight\"]\n",
    "            acts2 = gradients2[\"layer3.0.weight\"]\n",
    "            acts1 = acts1.cpu().reshape((50,-1))\n",
    "            acts2 = acts2.cpu().reshape((50,-1))\n",
    "            l = linear_CKA(acts1.T, acts2.T)\n",
    "            k = kernel_CKA(acts1.T, acts2.T)\n",
    "            corrlist.append((l+k)/2)\n",
    "\n",
    "            r_corr[id1][id2] = np.array(corrlist)\n",
    "    corr_set.append(r_corr)\n",
    "\n",
    "print(len(corr_set))"
   ]
  },
  {
   "cell_type": "code",
   "execution_count": 11,
   "metadata": {},
   "outputs": [
    {
     "name": "stdout",
     "output_type": "stream",
     "text": [
      "1 0.16570926611630443 0.1859854878231868 {25, 27, 21}\n",
      "2 0.07440518779341398 0.07533588321971041 {0, 9, 11}\n",
      "13 0.0 0.07929121286219432 {0, 8, 9, 11, 20, 26}\n",
      "\n",
      "0 0.1626132233540617 0.22345491973316156 {1, 4, 14, 18, 22}\n",
      "1 0.08095561741508228 0.10042152419597461 {11, 4, 12}\n",
      "2 0.13782176464796936 0.14962111941953649 {17, 18, 27}\n",
      "3 0.06699859924114338 0.07286441761082507 {11, 3, 5}\n",
      "4 0.1779124257193292 0.18119226304960767 {17, 22, 15}\n",
      "\n",
      "1 0.13869194160866516 0.16076283307184092 {0, 11, 20}\n",
      "2 0.13728894339327902 0.15190895350267486 {3, 12, 14}\n",
      "3 0.11791964759622076 0.1258202411068483 {9, 3, 12}\n",
      "4 0.1472333353304751 0.15362140902976829 {2, 27, 14, 22}\n",
      "5 0.22431395323401482 0.2270756078824494 {23, 22, 15}\n",
      "6 0.17415490599043393 0.17632181792097223 {11, 20, 21}\n",
      "\n",
      "1 0.12113810650219903 0.14367276446298893 {3, 6, 9, 10, 11, 26}\n",
      "2 0.12800935214937215 0.14528947525507907 {8, 4, 23}\n",
      "3 0.14290124701307394 0.14528947525507907 {8, 12, 23}\n",
      "4 0.1199711781110282 0.12173919772325648 {2, 18, 12}\n",
      "\n",
      "0 0.24518655279105483 0.2483811758909843 {5, 12, 16, 18, 25}\n",
      "1 0.15505794907558768 0.18649401740464122 {16, 2, 27, 6}\n",
      "2 0.15731120425854983 0.1836854289764397 {8, 13, 14}\n",
      "3 0.16410383275300167 0.18895371830112828 {4, 6, 7}\n",
      "4 0.18584851140255987 0.20689717506552086 {8, 26, 6}\n",
      "5 0.15846675972928148 0.17122163025354453 {13, 4, 5}\n",
      "\n",
      "0 0.180415819824693 0.22622840874056405 {2, 13, 15}\n",
      "2 0.2631729062985263 0.2770610245976137 {18, 19, 15}\n",
      "\n",
      "0 0.23499263708457407 0.3118595737291845 {25, 10, 20}\n",
      "1 0.2448832602386033 0.2939410235511507 {25, 20, 15}\n",
      "3 0.13230173589552763 0.13870085243021268 {18, 23, 7}\n",
      "4 0.08321119359609752 0.08857739584419566 {4, 6, 7}\n",
      "5 0.08145657152585928 0.08330229827779156 {26, 11, 14}\n",
      "\n",
      "0 0.19956433168764742 0.21296284455616998 {8, 5, 7}\n",
      "1 0.36225272608672365 0.36953588946873106 {8, 26, 23}\n",
      "2 0.14280730954005316 0.14395311002740707 {2, 4, 7}\n",
      "\n",
      "0 0.14342772229311784 0.1747336439229933 {0, 18, 6}\n",
      "2 0.12215833971472834 0.13117448054601955 {27, 16, 19}\n",
      "3 0.11405596984306687 0.11874102925046115 {19, 20, 7}\n",
      "4 0.11986771753181136 0.12310680004634977 {2, 4, 13}\n",
      "5 0.16919290760409422 0.17169132880082927 {25, 21, 22}\n",
      "6 0.17572492022443198 0.17750852664868288 {0, 1, 11}\n",
      "\n",
      "0 0.1461684034426627 0.16909181470392354 {16, 10, 23}\n",
      "1 0.07857430886745265 0.09530797058883622 {11, 0, 3}\n",
      "2 0.06760485415359685 0.07536671612074297 {0, 12, 6}\n",
      "\n",
      "0 0.2864876515845314 0.2891754895458867 {17, 19, 14, 15}\n",
      "2 0.23636261067551256 0.24731496680746834 {8, 18, 19, 15}\n",
      "3 0.21619896479069323 0.22577586098594815 {9, 15, 7}\n",
      "4 0.0907996715333168 0.09893480120425613 {16, 25, 21}\n",
      "\n",
      "0 0.34531010439745113 0.3787664194871603 {26, 20, 21}\n",
      "2 0.0693255618186106 0.07038381831640395 {8, 27, 7}\n",
      "\n",
      "0 0.17083207345962603 0.1863922287634343 {2, 26, 12}\n",
      "1 0.24179927459165207 0.2506685721741748 {2, 6, 22}\n",
      "2 0.22016706012868148 0.22601412467859805 {9, 10, 22}\n",
      "3 0.2219287541289603 0.2220600450674205 {16, 20, 22}\n",
      "\n",
      "0 0.16030671843456934 0.16430295728232103 {1, 8, 9, 12, 14, 21}\n",
      "1 0.10838766497204755 0.1463504857335709 {17, 12, 1}\n",
      "2 0.2846468046298316 0.28759894278501963 {16, 26, 20}\n",
      "\n",
      "0 0.16689442164715196 0.17406413631674256 {16, 24, 21}\n",
      "1 0.23245458726684798 0.236945044604147 {8, 6, 14}\n",
      "2 0.3668589972333105 0.367916115111926 {16, 25, 6}\n",
      "\n",
      "0 0.14342715352602464 0.1929598717004405 {24, 16, 26}\n",
      "1 0.12436446970976922 0.14354175676695768 {25, 27, 23}\n",
      "2 0.1995677231624613 0.20702725801143984 {10, 4, 21}\n",
      "3 0.3062383962827544 0.31013696319882444 {11, 4, 23}\n",
      "4 0.04190188526230809 0.042058956586328744 {3, 5, 22}\n",
      "10 0.0 0.11893038869083994 {1, 4, 10, 17, 23}\n",
      "\n"
     ]
    }
   ],
   "source": [
    "for corr in corr_set:\n",
    "    # print(1 - corr.reshape(-1, 2 * client_max) - corr.reshape(-1, 2 * client_max).T)\n",
    "\n",
    "    data = 1 - corr.reshape(-1, 2 * client_max) - corr.reshape(-1, 2 * client_max).T\n",
    "    rips_complex = gd.RipsComplex(distance_matrix=data, max_edge_length=20)\n",
    "    simplex_tree = rips_complex.create_simplex_tree(max_dimension=6)\n",
    "    persistence = simplex_tree.persistence()\n",
    "\n",
    "    # gd.plot_persistence_diagram(persistence=persistence)\n",
    "    pairs = simplex_tree.persistence_pairs()\n",
    "    filtration = simplex_tree.get_filtration()\n",
    "\n",
    "    count = 0\n",
    "    for birth_value, death_value in [i[1] for i in persistence]:\n",
    "        filtration = simplex_tree.get_filtration()\n",
    "        tolerance = 1e-5\n",
    "        birth_simplices = []\n",
    "        death_simplices = []\n",
    "\n",
    "        for simplex, filtration_value in filtration:\n",
    "            # print(filtration_value, birth_value)\n",
    "            if abs(filtration_value - birth_value) < tolerance:\n",
    "                # print(simplex)\n",
    "                birth_simplices.append(simplex)\n",
    "            elif (abs(filtration_value - death_value) < tolerance \n",
    "            # or (death_value == np.Inf)\n",
    "            ):\n",
    "                death_simplices.append(simplex)\n",
    "        # print(birth_simplices)\n",
    "\n",
    "        involved_points = set()\n",
    "\n",
    "        for birth_simplex in birth_simplices:\n",
    "            for death_simplex in death_simplices:\n",
    "                if set(birth_simplex).issubset(death_simplex):\n",
    "                    involved_points.update(birth_simplex)\n",
    "                    involved_points.update(death_simplex)\n",
    "\n",
    "        if len(involved_points) >= 3 : print(count, birth_value, death_value, involved_points) \n",
    "        count += 1\n",
    "    print()"
   ]
  },
  {
   "cell_type": "code",
   "execution_count": 25,
   "metadata": {},
   "outputs": [
    {
     "name": "stdout",
     "output_type": "stream",
     "text": [
      "[[1.         0.07069966 0.11861293 0.16772022 0.13567774 0.14596807\n",
      "  0.08928912 0.15087281 0.05494566 0.07533588 0.08167419 0.07440519\n",
      "  0.0915501  0.19290037 0.04230498 0.10280824 0.33276276 0.21314372\n",
      "  0.48729729 0.14586425 0.18285559 0.41551279 0.29697368 0.31778981\n",
      "  0.49866712 0.29799269 0.2225882  0.2622273 ]\n",
      " [0.07069966 1.         0.09145981 0.2555342  0.214456   0.1010593\n",
      "  0.14354016 0.1217403  0.07582865 0.12016743 0.07825601 0.15523677\n",
      "  0.17842263 0.28365152 0.08410292 0.15132059 0.25673748 0.17760403\n",
      "  0.4278624  0.12122116 0.13093047 0.31499043 0.23047856 0.2611969\n",
      "  0.43316411 0.23434576 0.16218991 0.19834369]\n",
      " [0.11861293 0.09145981 1.         0.2091929  0.2079575  0.04460677\n",
      "  0.14603197 0.05089962 0.1394515  0.13740192 0.20873539 0.21501825\n",
      "  0.1802652  0.2208159  0.13187221 0.21510917 0.23149033 0.28699666\n",
      "  0.42059579 0.1664677  0.21789198 0.33129627 0.32776414 0.38484863\n",
      "  0.4107217  0.26435029 0.21882211 0.32813775]\n",
      " [0.16772022 0.2555342  0.2091929  1.         0.04914569 0.25453628\n",
      "  0.08779322 0.22783681 0.19330871 0.08199476 0.28671213 0.13444026\n",
      "  0.0890135  0.03046561 0.22806082 0.16321696 0.45492053 0.38162219\n",
      "  0.56852247 0.319642   0.37525357 0.58158536 0.47314378 0.53405182\n",
      "  0.56931281 0.41819794 0.39588688 0.46754405]\n",
      " [0.13567774 0.214456   0.2079575  0.04914569 1.         0.24713209\n",
      "  0.07849621 0.23985186 0.16685948 0.07802616 0.23642532 0.08694501\n",
      "  0.07769104 0.05271214 0.20326542 0.14397987 0.42410213 0.31364552\n",
      "  0.54539028 0.29142083 0.31790203 0.54479927 0.43999797 0.48359181\n",
      "  0.53737342 0.39954797 0.33694916 0.42449538]\n",
      " [0.14596807 0.1010593  0.04460677 0.25453628 0.24713209 1.\n",
      "  0.15468398 0.04177353 0.14591906 0.14949872 0.23494109 0.24184609\n",
      "  0.1871743  0.2627601  0.15361642 0.2287213  0.28186816 0.30915321\n",
      "  0.47390668 0.21316364 0.25599295 0.36077113 0.35661041 0.42041729\n",
      "  0.4754093  0.27467261 0.26806034 0.3470425 ]\n",
      " [0.08928912 0.14354016 0.14603197 0.08779322 0.07849621 0.15468398\n",
      "  1.         0.15035006 0.09995816 0.04211111 0.18151058 0.07914301\n",
      "  0.03966709 0.1102113  0.13292696 0.09665016 0.41638846 0.31936883\n",
      "  0.551421   0.24526175 0.30026722 0.53967896 0.42189139 0.48723591\n",
      "  0.57146683 0.37256888 0.32677669 0.40210606]\n",
      " [0.15087281 0.1217403  0.05089962 0.22783681 0.23985186 0.04177353\n",
      "  0.15035006 1.         0.15220198 0.14946484 0.23553799 0.24250376\n",
      "  0.19255389 0.22693187 0.14754455 0.24476779 0.32144091 0.34787365\n",
      "  0.48890563 0.22013295 0.28303445 0.39141608 0.37043723 0.44417165\n",
      "  0.50228852 0.2821565  0.3068212  0.35948265]\n",
      " [0.05494566 0.07582865 0.1394515  0.19330871 0.16685948 0.14591906\n",
      "  0.09995816 0.15220198 1.         0.06883811 0.07047794 0.07929033\n",
      "  0.09943251 0.20928884 0.0761548  0.08580586 0.35804349 0.25293358\n",
      "  0.50187864 0.18214881 0.19318653 0.45244671 0.33756232 0.37087962\n",
      "  0.55634464 0.32863349 0.26171751 0.29175723]\n",
      " [0.07533588 0.12016743 0.13740192 0.08199476 0.07802616 0.14949872\n",
      "  0.04211111 0.14946484 0.06883811 1.         0.15569772 0.07081528\n",
      "  0.04286918 0.11463739 0.12742902 0.08110966 0.38924122 0.27796982\n",
      "  0.53485697 0.22371604 0.26362158 0.50364148 0.38772814 0.44892761\n",
      "  0.5573372  0.33950657 0.29469674 0.36222988]\n",
      " [0.08167419 0.07825601 0.20873539 0.28671213 0.23642532 0.23494109\n",
      "  0.18151058 0.23553799 0.07047794 0.15569772 1.         0.10632835\n",
      "  0.18759535 0.30265063 0.07847879 0.12545287 0.35506721 0.20129854\n",
      "  0.49666309 0.16833824 0.14964242 0.38638621 0.242468   0.25103211\n",
      "  0.52776825 0.28611565 0.21740506 0.19395578]\n",
      " [0.07440519 0.15523677 0.21501825 0.13444026 0.08694501 0.24184609\n",
      "  0.07914301 0.24250376 0.07929033 0.07081528 0.10632835 1.\n",
      "  0.06305502 0.14823374 0.11645268 0.0703839  0.42224032 0.27222322\n",
      "  0.54606144 0.23730392 0.24944918 0.515252   0.37422289 0.40048132\n",
      "  0.57436585 0.36392889 0.3045145  0.33346383]\n",
      " [0.0915501  0.17842263 0.1802652  0.0890135  0.07769104 0.1871743\n",
      "  0.03966709 0.19255389 0.09943251 0.04286918 0.18759535 0.06305502\n",
      "  1.         0.10630567 0.13943566 0.0767825  0.43012903 0.32290743\n",
      "  0.55038465 0.2659798  0.30404034 0.5518938  0.42830064 0.48789565\n",
      "  0.592046   0.37520092 0.34570213 0.40215805]\n",
      " [0.19290037 0.28365152 0.2208159  0.03046561 0.05271214 0.2627601\n",
      "  0.1102113  0.22693187 0.20928884 0.11463739 0.30265063 0.14823374\n",
      "  0.10630567 1.         0.24507291 0.19506416 0.46319568 0.39612239\n",
      "  0.57876392 0.35690199 0.3882861  0.57982876 0.48109372 0.54760457\n",
      "  0.56654409 0.43952212 0.41578209 0.47194945]\n",
      " [0.04230498 0.08410292 0.13187221 0.22806082 0.20326542 0.15361642\n",
      "  0.13292696 0.14754455 0.0761548  0.12742902 0.07847879 0.11645268\n",
      "  0.13943566 0.24507291 1.         0.12988653 0.36282629 0.25679251\n",
      "  0.5090971  0.15951823 0.20030847 0.41787075 0.28917585 0.31414514\n",
      "  0.53166847 0.29054577 0.25715638 0.25683507]\n",
      " [0.10280824 0.15132059 0.21510917 0.16321696 0.14397987 0.2287213\n",
      "  0.09665016 0.24476779 0.08580586 0.08110966 0.12545287 0.0703839\n",
      "  0.0767825  0.19506416 0.12988653 1.         0.37186875 0.25981875\n",
      "  0.49019289 0.19644912 0.21679432 0.50267496 0.38040507 0.41891263\n",
      "  0.55864114 0.33578111 0.26300561 0.34501601]\n",
      " [0.33276276 0.25673748 0.23149033 0.45492053 0.42410213 0.28186816\n",
      "  0.41638846 0.32144091 0.35804349 0.38924122 0.35506721 0.42224032\n",
      "  0.43012903 0.46319568 0.36282629 0.37186875 1.         0.24231066\n",
      "  0.20831744 0.1185068  0.14700828 0.158492   0.30862629 0.30384275\n",
      "  0.14648036 0.28900159 0.06667039 0.30522446]\n",
      " [0.21314372 0.17760403 0.28699666 0.38162219 0.31364552 0.30915321\n",
      "  0.31936883 0.34787365 0.25293358 0.27796982 0.20129854 0.27222322\n",
      "  0.32290743 0.39612239 0.25679251 0.25981875 0.24231066 1.\n",
      "  0.43732064 0.17593858 0.15221355 0.22218771 0.1396665  0.16948276\n",
      "  0.29996012 0.15767803 0.1311002  0.12137554]\n",
      " [0.48729729 0.4278624  0.42059579 0.56852247 0.54539028 0.47390668\n",
      "  0.551421   0.48890563 0.50187864 0.53485697 0.49666309 0.54606144\n",
      "  0.55038465 0.57876392 0.5090971  0.49019289 0.20831744 0.43732064\n",
      "  1.         0.29577106 0.1862809  0.39979683 0.46211107 0.51663812\n",
      "  0.33718238 0.51087112 0.25755052 0.44596707]\n",
      " [0.14586425 0.12122116 0.1664677  0.319642   0.29142083 0.21316364\n",
      "  0.24526175 0.22013295 0.18214881 0.22371604 0.16833824 0.23730392\n",
      "  0.2659798  0.35690199 0.15951823 0.19644912 0.1185068  0.17593858\n",
      "  0.29577106 1.         0.10917005 0.23733401 0.26712062 0.25551736\n",
      "  0.27108488 0.24846319 0.06736501 0.23612767]\n",
      " [0.18285559 0.13093047 0.21789198 0.37525357 0.31790203 0.25599295\n",
      "  0.30026722 0.28303445 0.19318653 0.26362158 0.14964242 0.24944918\n",
      "  0.30404034 0.3882861  0.20030847 0.21679432 0.14700828 0.15221355\n",
      "  0.1862809  0.10917005 1.         0.26053113 0.20188152 0.24520105\n",
      "  0.31055719 0.27005191 0.07929121 0.17987546]\n",
      " [0.41551279 0.31499043 0.33129627 0.58158536 0.54479927 0.36077113\n",
      "  0.53967896 0.39141608 0.45244671 0.50364148 0.38638621 0.515252\n",
      "  0.5518938  0.57982876 0.41787075 0.50267496 0.158492   0.22218771\n",
      "  0.39979683 0.23733401 0.26053113 1.         0.18722399 0.13570476\n",
      "  0.19351847 0.16570927 0.16994205 0.18598549]\n",
      " [0.29697368 0.23047856 0.32776414 0.47314378 0.43999797 0.35661041\n",
      "  0.42189139 0.37043723 0.33756232 0.38772814 0.242468   0.37422289\n",
      "  0.42830064 0.48109372 0.28917585 0.38040507 0.30862629 0.1396665\n",
      "  0.46211107 0.26712062 0.20188152 0.18722399 1.         0.1182543\n",
      "  0.37280332 0.17297866 0.22689954 0.05263502]\n",
      " [0.31778981 0.2611969  0.38484863 0.53405182 0.48359181 0.42041729\n",
      "  0.48723591 0.44417165 0.37087962 0.44892761 0.25103211 0.40048132\n",
      "  0.48789565 0.54760457 0.31414514 0.41891263 0.30384275 0.16948276\n",
      "  0.51663812 0.25551736 0.24520105 0.13570476 0.1182543  1.\n",
      "  0.31503735 0.19329746 0.21249365 0.09722612]\n",
      " [0.49866712 0.43316411 0.4107217  0.56931281 0.53737342 0.4754093\n",
      "  0.57146683 0.50228852 0.55634464 0.5573372  0.52776825 0.57436585\n",
      "  0.592046   0.56654409 0.53166847 0.55864114 0.14648036 0.29996012\n",
      "  0.33718238 0.27108488 0.31055719 0.19351847 0.37280332 0.31503735\n",
      "  1.         0.3703908  0.18474863 0.37754339]\n",
      " [0.29799269 0.23434576 0.26435029 0.41819794 0.39954797 0.27467261\n",
      "  0.37256888 0.2821565  0.32863349 0.33950657 0.28611565 0.36392889\n",
      "  0.37520092 0.43952212 0.29054577 0.33578111 0.28900159 0.15767803\n",
      "  0.51087112 0.24846319 0.27005191 0.16570927 0.17297866 0.19329746\n",
      "  0.3703908  1.         0.2463906  0.16753768]\n",
      " [0.2225882  0.16218991 0.21882211 0.39588688 0.33694916 0.26806034\n",
      "  0.32677669 0.3068212  0.26171751 0.29469674 0.21740506 0.3045145\n",
      "  0.34570213 0.41578209 0.25715638 0.26300561 0.06667039 0.1311002\n",
      "  0.25755052 0.06736501 0.07929121 0.16994205 0.22689954 0.21249365\n",
      "  0.18474863 0.2463906  1.         0.20503059]\n",
      " [0.2622273  0.19834369 0.32813775 0.46754405 0.42449538 0.3470425\n",
      "  0.40210606 0.35948265 0.29175723 0.36222988 0.19395578 0.33346383\n",
      "  0.40215805 0.47194945 0.25683507 0.34501601 0.30522446 0.12137554\n",
      "  0.44596707 0.23612767 0.17987546 0.18598549 0.05263502 0.09722612\n",
      "  0.37754339 0.16753768 0.20503059 1.        ]]\n",
      "Rips complex is of dimension 1 - 406 simplices - 28 vertices.\n",
      "[0] -> 0.00\n",
      "[1] -> 0.00\n",
      "[2] -> 0.00\n",
      "[3] -> 0.00\n",
      "[4] -> 0.00\n",
      "[5] -> 0.00\n",
      "[6] -> 0.00\n",
      "[7] -> 0.00\n",
      "[8] -> 0.00\n",
      "[9] -> 0.00\n",
      "[10] -> 0.00\n",
      "[11] -> 0.00\n",
      "[12] -> 0.00\n",
      "[13] -> 0.00\n",
      "[14] -> 0.00\n",
      "[15] -> 0.00\n",
      "[16] -> 0.00\n",
      "[17] -> 0.00\n",
      "[18] -> 0.00\n",
      "[19] -> 0.00\n",
      "[20] -> 0.00\n",
      "[21] -> 0.00\n",
      "[22] -> 0.00\n",
      "[23] -> 0.00\n",
      "[24] -> 0.00\n",
      "[25] -> 0.00\n",
      "[26] -> 0.00\n",
      "[27] -> 0.00\n",
      "[3, 13] -> 0.03\n",
      "[6, 12] -> 0.04\n",
      "[5, 7] -> 0.04\n",
      "[6, 9] -> 0.04\n",
      "[0, 14] -> 0.04\n",
      "[9, 12] -> 0.04\n",
      "[2, 5] -> 0.04\n",
      "[3, 4] -> 0.05\n",
      "[2, 7] -> 0.05\n",
      "[22, 27] -> 0.05\n",
      "[4, 13] -> 0.05\n",
      "[0, 8] -> 0.05\n",
      "[11, 12] -> 0.06\n",
      "[16, 26] -> 0.07\n",
      "[19, 26] -> 0.07\n",
      "[8, 9] -> 0.07\n",
      "[11, 15] -> 0.07\n",
      "[8, 10] -> 0.07\n",
      "[0, 1] -> 0.07\n",
      "[9, 11] -> 0.07\n",
      "[0, 11] -> 0.07\n",
      "[0, 9] -> 0.08\n",
      "[1, 8] -> 0.08\n",
      "[8, 14] -> 0.08\n",
      "[12, 15] -> 0.08\n",
      "[4, 12] -> 0.08\n",
      "[4, 9] -> 0.08\n",
      "[1, 10] -> 0.08\n",
      "[10, 14] -> 0.08\n",
      "[4, 6] -> 0.08\n",
      "[6, 11] -> 0.08\n",
      "[8, 11] -> 0.08\n",
      "[20, 26] -> 0.08\n",
      "[9, 15] -> 0.08\n",
      "[0, 10] -> 0.08\n",
      "[3, 9] -> 0.08\n",
      "[1, 14] -> 0.08\n",
      "[8, 15] -> 0.09\n",
      "[4, 11] -> 0.09\n",
      "[3, 6] -> 0.09\n",
      "[3, 12] -> 0.09\n",
      "[0, 6] -> 0.09\n",
      "[1, 2] -> 0.09\n",
      "[0, 12] -> 0.09\n",
      "[6, 15] -> 0.10\n",
      "[23, 27] -> 0.10\n",
      "[8, 12] -> 0.10\n",
      "[6, 8] -> 0.10\n",
      "[1, 5] -> 0.10\n",
      "[0, 15] -> 0.10\n",
      "[12, 13] -> 0.11\n",
      "[10, 11] -> 0.11\n",
      "[19, 20] -> 0.11\n",
      "[6, 13] -> 0.11\n",
      "[9, 13] -> 0.11\n",
      "[11, 14] -> 0.12\n",
      "[22, 23] -> 0.12\n",
      "[16, 19] -> 0.12\n",
      "[0, 2] -> 0.12\n",
      "[1, 9] -> 0.12\n",
      "[1, 19] -> 0.12\n",
      "[17, 27] -> 0.12\n",
      "[1, 7] -> 0.12\n",
      "[10, 15] -> 0.13\n",
      "[9, 14] -> 0.13\n",
      "[14, 15] -> 0.13\n",
      "[1, 20] -> 0.13\n",
      "[17, 26] -> 0.13\n",
      "[2, 14] -> 0.13\n",
      "[6, 14] -> 0.13\n",
      "[3, 11] -> 0.13\n",
      "[0, 4] -> 0.14\n",
      "[21, 23] -> 0.14\n",
      "[2, 9] -> 0.14\n",
      "[12, 14] -> 0.14\n",
      "[2, 8] -> 0.14\n",
      "[17, 22] -> 0.14\n",
      "[1, 6] -> 0.14\n",
      "[4, 15] -> 0.14\n",
      "[0, 19] -> 0.15\n",
      "[5, 8] -> 0.15\n",
      "[0, 5] -> 0.15\n",
      "[2, 6] -> 0.15\n",
      "[16, 24] -> 0.15\n",
      "[16, 20] -> 0.15\n",
      "[7, 14] -> 0.15\n",
      "[11, 13] -> 0.15\n",
      "[7, 9] -> 0.15\n",
      "[5, 9] -> 0.15\n",
      "[10, 20] -> 0.15\n",
      "[6, 7] -> 0.15\n",
      "[0, 7] -> 0.15\n",
      "[1, 15] -> 0.15\n",
      "[7, 8] -> 0.15\n",
      "[17, 20] -> 0.15\n",
      "[5, 14] -> 0.15\n",
      "[5, 6] -> 0.15\n",
      "[1, 11] -> 0.16\n",
      "[9, 10] -> 0.16\n",
      "[17, 25] -> 0.16\n",
      "[16, 21] -> 0.16\n",
      "[14, 19] -> 0.16\n",
      "[1, 26] -> 0.16\n",
      "[3, 15] -> 0.16\n",
      "[21, 25] -> 0.17\n",
      "[2, 19] -> 0.17\n",
      "[4, 8] -> 0.17\n",
      "[25, 27] -> 0.17\n",
      "[0, 3] -> 0.17\n",
      "[10, 19] -> 0.17\n",
      "[17, 23] -> 0.17\n",
      "[21, 26] -> 0.17\n",
      "[22, 25] -> 0.17\n",
      "[17, 19] -> 0.18\n",
      "[1, 17] -> 0.18\n",
      "[1, 12] -> 0.18\n",
      "[20, 27] -> 0.18\n",
      "[2, 12] -> 0.18\n",
      "[6, 10] -> 0.18\n",
      "[8, 19] -> 0.18\n",
      "[0, 20] -> 0.18\n",
      "[24, 26] -> 0.18\n",
      "[21, 27] -> 0.19\n",
      "[18, 20] -> 0.19\n",
      "[5, 12] -> 0.19\n",
      "[21, 22] -> 0.19\n",
      "[10, 12] -> 0.19\n",
      "[7, 12] -> 0.19\n",
      "[0, 13] -> 0.19\n",
      "[8, 20] -> 0.19\n",
      "[23, 25] -> 0.19\n",
      "[3, 8] -> 0.19\n",
      "[21, 24] -> 0.19\n",
      "[10, 27] -> 0.19\n",
      "[13, 15] -> 0.20\n",
      "[15, 19] -> 0.20\n",
      "[1, 27] -> 0.20\n",
      "[14, 20] -> 0.20\n",
      "[10, 17] -> 0.20\n",
      "[20, 22] -> 0.20\n",
      "[4, 14] -> 0.20\n",
      "[26, 27] -> 0.21\n",
      "[2, 4] -> 0.21\n",
      "[16, 18] -> 0.21\n",
      "[2, 10] -> 0.21\n",
      "[2, 3] -> 0.21\n",
      "[8, 13] -> 0.21\n",
      "[23, 26] -> 0.21\n",
      "[0, 17] -> 0.21\n",
      "[5, 19] -> 0.21\n",
      "[1, 4] -> 0.21\n",
      "[2, 11] -> 0.22\n",
      "[2, 15] -> 0.22\n",
      "[15, 20] -> 0.22\n",
      "[10, 26] -> 0.22\n",
      "[2, 20] -> 0.22\n",
      "[2, 26] -> 0.22\n",
      "[7, 19] -> 0.22\n",
      "[2, 13] -> 0.22\n",
      "[17, 21] -> 0.22\n",
      "[0, 26] -> 0.22\n",
      "[9, 19] -> 0.22\n",
      "[22, 26] -> 0.23\n",
      "[7, 13] -> 0.23\n",
      "[3, 7] -> 0.23\n",
      "[3, 14] -> 0.23\n",
      "[5, 15] -> 0.23\n",
      "[1, 22] -> 0.23\n",
      "[2, 16] -> 0.23\n",
      "[1, 25] -> 0.23\n",
      "[5, 10] -> 0.23\n",
      "[7, 10] -> 0.24\n",
      "[19, 27] -> 0.24\n",
      "[4, 10] -> 0.24\n",
      "[11, 19] -> 0.24\n",
      "[19, 21] -> 0.24\n",
      "[4, 7] -> 0.24\n",
      "[5, 11] -> 0.24\n",
      "[16, 17] -> 0.24\n",
      "[10, 22] -> 0.24\n",
      "[7, 11] -> 0.24\n",
      "[7, 15] -> 0.24\n",
      "[13, 14] -> 0.25\n",
      "[20, 23] -> 0.25\n",
      "[6, 19] -> 0.25\n",
      "[25, 26] -> 0.25\n",
      "[4, 5] -> 0.25\n",
      "[19, 25] -> 0.25\n",
      "[11, 20] -> 0.25\n",
      "[10, 23] -> 0.25\n",
      "[8, 17] -> 0.25\n",
      "[3, 5] -> 0.25\n",
      "[19, 23] -> 0.26\n",
      "[1, 3] -> 0.26\n",
      "[5, 20] -> 0.26\n",
      "[1, 16] -> 0.26\n",
      "[14, 17] -> 0.26\n",
      "[14, 27] -> 0.26\n",
      "[14, 26] -> 0.26\n",
      "[18, 26] -> 0.26\n",
      "[15, 17] -> 0.26\n",
      "[20, 21] -> 0.26\n",
      "[1, 23] -> 0.26\n",
      "[8, 26] -> 0.26\n",
      "[0, 27] -> 0.26\n",
      "[5, 13] -> 0.26\n",
      "[15, 26] -> 0.26\n",
      "[9, 20] -> 0.26\n",
      "[2, 25] -> 0.26\n",
      "[12, 19] -> 0.27\n",
      "[19, 22] -> 0.27\n",
      "[5, 26] -> 0.27\n",
      "[20, 25] -> 0.27\n",
      "[19, 24] -> 0.27\n",
      "[11, 17] -> 0.27\n",
      "[5, 25] -> 0.27\n",
      "[9, 17] -> 0.28\n",
      "[5, 16] -> 0.28\n",
      "[7, 25] -> 0.28\n",
      "[7, 20] -> 0.28\n",
      "[1, 13] -> 0.28\n",
      "[10, 25] -> 0.29\n",
      "[3, 10] -> 0.29\n",
      "[2, 17] -> 0.29\n",
      "[16, 25] -> 0.29\n",
      "[14, 22] -> 0.29\n",
      "[14, 25] -> 0.29\n",
      "[4, 19] -> 0.29\n",
      "[8, 27] -> 0.29\n",
      "[9, 26] -> 0.29\n",
      "[18, 19] -> 0.30\n",
      "[0, 22] -> 0.30\n",
      "[0, 25] -> 0.30\n",
      "[17, 24] -> 0.30\n",
      "[6, 20] -> 0.30\n",
      "[10, 13] -> 0.30\n",
      "[16, 23] -> 0.30\n",
      "[12, 20] -> 0.30\n",
      "[11, 26] -> 0.30\n",
      "[16, 27] -> 0.31\n",
      "[7, 26] -> 0.31\n",
      "[16, 22] -> 0.31\n",
      "[5, 17] -> 0.31\n",
      "[20, 24] -> 0.31\n",
      "[4, 17] -> 0.31\n",
      "[14, 23] -> 0.31\n",
      "[1, 21] -> 0.31\n",
      "[23, 24] -> 0.32\n",
      "[0, 23] -> 0.32\n",
      "[4, 20] -> 0.32\n",
      "[6, 17] -> 0.32\n",
      "[3, 19] -> 0.32\n",
      "[7, 16] -> 0.32\n",
      "[12, 17] -> 0.32\n",
      "[6, 26] -> 0.33\n",
      "[2, 22] -> 0.33\n",
      "[2, 27] -> 0.33\n",
      "[8, 25] -> 0.33\n",
      "[2, 21] -> 0.33\n",
      "[0, 16] -> 0.33\n",
      "[11, 27] -> 0.33\n",
      "[15, 25] -> 0.34\n",
      "[4, 26] -> 0.34\n",
      "[18, 24] -> 0.34\n",
      "[8, 22] -> 0.34\n",
      "[9, 25] -> 0.34\n",
      "[15, 27] -> 0.35\n",
      "[12, 26] -> 0.35\n",
      "[5, 27] -> 0.35\n",
      "[7, 17] -> 0.35\n",
      "[10, 16] -> 0.36\n",
      "[5, 22] -> 0.36\n",
      "[13, 19] -> 0.36\n",
      "[8, 16] -> 0.36\n",
      "[7, 27] -> 0.36\n",
      "[5, 21] -> 0.36\n",
      "[9, 27] -> 0.36\n",
      "[14, 16] -> 0.36\n",
      "[11, 25] -> 0.36\n",
      "[24, 25] -> 0.37\n",
      "[7, 22] -> 0.37\n",
      "[8, 23] -> 0.37\n",
      "[15, 16] -> 0.37\n",
      "[6, 25] -> 0.37\n",
      "[22, 24] -> 0.37\n",
      "[11, 22] -> 0.37\n",
      "[12, 25] -> 0.38\n",
      "[3, 20] -> 0.38\n",
      "[24, 27] -> 0.38\n",
      "[15, 22] -> 0.38\n",
      "[3, 17] -> 0.38\n",
      "[2, 23] -> 0.38\n",
      "[10, 21] -> 0.39\n",
      "[9, 22] -> 0.39\n",
      "[13, 20] -> 0.39\n",
      "[9, 16] -> 0.39\n",
      "[7, 21] -> 0.39\n",
      "[3, 26] -> 0.40\n",
      "[13, 17] -> 0.40\n",
      "[4, 25] -> 0.40\n",
      "[18, 21] -> 0.40\n",
      "[11, 23] -> 0.40\n",
      "[6, 27] -> 0.40\n",
      "[12, 27] -> 0.40\n",
      "[2, 24] -> 0.41\n",
      "[0, 21] -> 0.42\n",
      "[13, 26] -> 0.42\n",
      "[6, 16] -> 0.42\n",
      "[14, 21] -> 0.42\n",
      "[3, 25] -> 0.42\n",
      "[15, 23] -> 0.42\n",
      "[5, 23] -> 0.42\n",
      "[2, 18] -> 0.42\n",
      "[6, 22] -> 0.42\n",
      "[11, 16] -> 0.42\n",
      "[4, 16] -> 0.42\n",
      "[4, 27] -> 0.42\n",
      "[1, 18] -> 0.43\n",
      "[12, 22] -> 0.43\n",
      "[12, 16] -> 0.43\n",
      "[1, 24] -> 0.43\n",
      "[17, 18] -> 0.44\n",
      "[13, 25] -> 0.44\n",
      "[4, 22] -> 0.44\n",
      "[7, 23] -> 0.44\n",
      "[18, 27] -> 0.45\n",
      "[9, 23] -> 0.45\n",
      "[8, 21] -> 0.45\n",
      "[3, 16] -> 0.45\n",
      "[18, 22] -> 0.46\n",
      "[13, 16] -> 0.46\n",
      "[3, 27] -> 0.47\n",
      "[13, 27] -> 0.47\n",
      "[3, 22] -> 0.47\n",
      "[5, 18] -> 0.47\n",
      "[5, 24] -> 0.48\n",
      "[13, 22] -> 0.48\n",
      "[4, 23] -> 0.48\n",
      "[6, 23] -> 0.49\n",
      "[0, 18] -> 0.49\n",
      "[12, 23] -> 0.49\n",
      "[7, 18] -> 0.49\n",
      "[15, 18] -> 0.49\n",
      "[10, 18] -> 0.50\n",
      "[0, 24] -> 0.50\n",
      "[8, 18] -> 0.50\n",
      "[7, 24] -> 0.50\n",
      "[15, 21] -> 0.50\n",
      "[9, 21] -> 0.50\n",
      "[14, 18] -> 0.51\n",
      "[18, 25] -> 0.51\n",
      "[11, 21] -> 0.52\n",
      "[18, 23] -> 0.52\n",
      "[10, 24] -> 0.53\n",
      "[14, 24] -> 0.53\n",
      "[3, 23] -> 0.53\n",
      "[9, 18] -> 0.53\n",
      "[4, 24] -> 0.54\n",
      "[6, 21] -> 0.54\n",
      "[4, 21] -> 0.54\n",
      "[4, 18] -> 0.55\n",
      "[11, 18] -> 0.55\n",
      "[13, 23] -> 0.55\n",
      "[12, 18] -> 0.55\n",
      "[6, 18] -> 0.55\n",
      "[12, 21] -> 0.55\n",
      "[8, 24] -> 0.56\n",
      "[9, 24] -> 0.56\n",
      "[15, 24] -> 0.56\n",
      "[13, 24] -> 0.57\n",
      "[3, 18] -> 0.57\n",
      "[3, 24] -> 0.57\n",
      "[6, 24] -> 0.57\n",
      "[11, 24] -> 0.57\n",
      "[13, 18] -> 0.58\n",
      "[13, 21] -> 0.58\n",
      "[3, 21] -> 0.58\n",
      "[12, 24] -> 0.59\n",
      "[[1.         0.11852369 0.08545607 0.18662391 0.19238902 0.22584215\n",
      "  0.28376856 0.06945984 0.06303671 0.23396496 0.23803034 0.27367262\n",
      "  0.22450072 0.24554024 0.16832107 0.23553569 0.33453915 0.27237517\n",
      "  0.25378166 0.52863409 0.38213263 0.34843425 0.11540873 0.32975952\n",
      "  0.4174061  0.35325561 0.21923827 0.35676677]\n",
      " [0.11852369 1.         0.1737584  0.14603296 0.08638988 0.15566483\n",
      "  0.13351973 0.13396723 0.1588294  0.09907885 0.17997645 0.14414069\n",
      "  0.15333023 0.21176819 0.05568119 0.23328993 0.33654852 0.22739962\n",
      "  0.16261322 0.43583965 0.36929941 0.32494851 0.15372309 0.31001564\n",
      "  0.38253649 0.34573023 0.19001582 0.33738337]\n",
      " [0.08545607 0.1737584  1.         0.24073763 0.28938438 0.30241079\n",
      "  0.34945965 0.09691387 0.11059228 0.33034129 0.26259932 0.35543934\n",
      "  0.32618016 0.30721757 0.24093646 0.33691299 0.44543016 0.27313064\n",
      "  0.2871458  0.56141864 0.43582744 0.44437173 0.18588278 0.41970333\n",
      "  0.41274969 0.42053057 0.26734779 0.36274325]\n",
      " [0.18662391 0.14603296 0.24073763 1.         0.1478812  0.07286442\n",
      "  0.13942237 0.15002075 0.25555604 0.21662396 0.04115282 0.0669986\n",
      "  0.12212131 0.06423544 0.11442768 0.36151326 0.48372661 0.32912929\n",
      "  0.34512425 0.54086026 0.50743925 0.47517735 0.15111337 0.42614732\n",
      "  0.54489445 0.46348434 0.16813297 0.47118825]\n",
      " [0.19238902 0.08638988 0.28938438 0.1478812  1.         0.10309532\n",
      "  0.06143326 0.19316568 0.23246388 0.05880909 0.18187584 0.09419417\n",
      "  0.08095562 0.16307504 0.07018037 0.24535634 0.37756044 0.26749114\n",
      "  0.17933787 0.43259265 0.4020119  0.37284683 0.1743405  0.32884533\n",
      "  0.40942452 0.37656521 0.19799276 0.38053749]\n",
      " [0.22584215 0.15566483 0.30241079 0.07286442 0.10309532 1.\n",
      "  0.09499833 0.19194227 0.27822387 0.16530146 0.0794065  0.06671797\n",
      "  0.06046797 0.06621765 0.1077665  0.33461759 0.44312864 0.32194174\n",
      "  0.2949301  0.51704111 0.47373769 0.42555469 0.16894735 0.38425251\n",
      "  0.51965322 0.43500986 0.16761491 0.46794606]\n",
      " [0.28376856 0.13351973 0.34945965 0.13942237 0.06143326 0.09499833\n",
      "  1.         0.26646091 0.34396897 0.09614128 0.15294806 0.05845064\n",
      "  0.1125923  0.16116302 0.09274553 0.34549421 0.45645339 0.32210266\n",
      "  0.24456644 0.48523826 0.47557018 0.4450586  0.2395722  0.38597307\n",
      "  0.48127867 0.43537714 0.23840428 0.45243846]\n",
      " [0.06945984 0.13396723 0.09691387 0.15002075 0.19316568 0.19194227\n",
      "  0.26646091 1.         0.0780704  0.23947119 0.19723801 0.24011134\n",
      "  0.2171169  0.21091195 0.13939143 0.24763229 0.3772075  0.2537493\n",
      "  0.25176423 0.48374624 0.37306807 0.3766405  0.09603185 0.34492018\n",
      "  0.39773228 0.34217865 0.18548125 0.33550565]\n",
      " [0.06303671 0.1588294  0.11059228 0.25555604 0.23246388 0.27822387\n",
      "  0.34396897 0.0780704  1.         0.29751075 0.30189946 0.33478546\n",
      "  0.27321084 0.30099083 0.21201026 0.24098703 0.35607069 0.28848422\n",
      "  0.26916276 0.51724806 0.36580438 0.3558571  0.13146458 0.3591481\n",
      "  0.38234966 0.38379735 0.24913647 0.32699405]\n",
      " [0.23396496 0.09907885 0.33034129 0.21662396 0.05880909 0.16530146\n",
      "  0.09614128 0.23947119 0.29751075 1.         0.25218964 0.15441236\n",
      "  0.12714804 0.24719634 0.08256942 0.26069777 0.32676949 0.33027312\n",
